0.0123637024965624
0.0065576319068013
0.0148762994001101
0.0271204070652396
0.0215871099660078
0.0354130806256474
0.0157425393194544
0.0112246437683626
0.0092606989026651
0.0084303769937996
0.0117415715328243
0.0099861730489727
0.0080549938533009
0.01768432300344
0.0115003089611659
0.0095270119883459
0.0118485406439159
0.0058655557483375
0.0201666261666795
0.0158078918139687
0.0118252576024164
0.0190102868786405
0.0132513272322638
0.0146948007756595
0.0056983727438002
0.0088909991080122
0.008390151777003099
0.0148956371460572
0.0169621381352317
0.008694628558073601
0.009267847984219601
0.0086480294689977
0.0132523571837114
0.0033056514834562
0.0093662129139817
0.0017971472186676
0.0157633608937582
0.0090042350962025
0.0158422646082562
0.0173923602654072
0.0124447955948874
0.003888157351395
0.0108964539419303
0.0077083662890054
0.0159156972909541
0.009105516294933299
0.009336296980535201
0.011277106378313
0.0183293787395636
0.0143175138030316
0.0121065637707428
0.0119951917299304
0.0121129856781357
0.0073447541790902
0.0131530392974129
0.0142278328819055
0.0146781117240234
0.0131222185581515
0.0132737067396362
0.0086248474110642
0.0071146759853473
0.0437311127953306
0.0309956411791701
0.0347693939191615
0.0118997006410102
0.0057940961758478
0.0374337388909213
0.1407166638094332
0.1252192937441259
0.06351970464162909
0.014657444717582
0.0113597139989121
0.0085750397960593
0.008455487623969001
0.0688554737238784
0.1153985218339747
0.0851096074650925
0.0666194106914568
0.0120763671989375
0.0089526928413395
0.0113511251356392
0.0059353222420362
0.1256913584466656
0.1241499299193863
0.0804198396765929
0.0940638868524744
0.0234903884486462
0.0139673484612949
0.0056757344190742
0.0155726214348609
0.095076930113536
0.1185768230984196
0.091758319785359
0.06469632087480259
0.0152236111324005
0.0085224541792236
0.0121469795094818
0.004482376359224
0.0747219469371041
0.07877067136655989
0.0530111435479361
0.0372514003167297
0.0190459466787076
0.0171792981204571
0.0127353576266973
0.0046121941148499
0.0400535288382079
0.0644639771693811
0.0355631396613475
0.0352350964258272
0.0116402655939869
0.0108356851302054
0.0173813867564379
0.0151091469250858
0.0349472119903219
0.08232697252911141
0.0384738775976679
0.0260426976742101
0.0168143287151136
0.0141371257087871
0.0152216338314033
0.0161180692820812
0.046153346401681
0.0418482172125357
0.0354149881572318
0.0670959885559211
0.0344608706855606
0.0341322529362095
0.0121880438089595
0.0055813154785123
0.0178024434863702
0.1029957733219589
0.09706772701232751
0.0369613918737072
0.0143339606559604
0.0095867672649556
0.0085074847962129
0.0079850341497744
0.0452334748445449
0.1564262484976271
0.1474066753445822
0.0622832514548117
0.0107968236828838
0.0076394498318436
0.0114094808621058
0.0051683720006445
0.0975063578885511
0.1993789149945508
0.131985220643232
0.1060051781560717
0.0230945831593966
0.0127262297990459
0.005656232076273
0.009105300223628401
0.1105096292511446
0.2075365163590735
0.1404758578314713
0.1529370380821972
0.0299306920761647
0.008294186637582201
0.0127926486615198
0.005052612564933
0.1667512383470971
0.2637869583089297
0.1196347423116925
0.144320324270201
0.0278927955057664
0.01632658410295
0.0122443829277174
0.0051739590161453
0.1342286336260643
0.2235848385406939
0.07850707232259781
0.1420540568624357
0.0204650185000355
0.0108763488480504
0.0200784924848844
0.0193662285150348
0.0958777589829269
0.2960239752046809
0.1144712483028392
0.1085383481923853
0.0313518696967539
0.0135429570193291
0.0152747732682423
0.0203730234540777
0.0833213752181181
0.2051604041496471
0.182324759501022
0.1761313688427347
0.0555389307613345
0.0331305988525906
0.0131906523520185
0.0060952795747357
0.0125430278066944
0.0179011518874255
0.0143452437630863
0.0273153149430808
0.0147856567362416
0.0100835661202946
0.0090580769670965
0.0088413528817401
0.0074077252071273
0.0108398183465209
0.0134352104446068
0.0102065863004133
0.0110635223789646
0.008140967168870699
0.0123933531675107
0.0050452915309669
0.0140022476186917
0.0311061082985597
0.0333620717987458
0.0144129935045663
0.0132318699476708
0.0144930286743138
0.0054904477548189
0.009510533921263799
0.0096851871663097
0.0368513855677052
0.0316681753123953
0.0215881946000276
0.0098178448318368
0.0087099030305299
0.0135635062212442
0.0031112996366209
0.0282617239062074
0.0255310330784098
0.0302997611715111
0.0345827570982703
0.0173839186866943
0.0173168660613024
0.0129459620617109
0.0052847663120008
0.0456764472626546
0.038992713009322
0.0272568817014671
0.0561017335043219
0.0112090680793279
0.0108779149314812
0.0193442864682391
0.0185246218805318
0.0497107542504734
0.0773383256398778
0.0346352750266367
0.0575283810584353
0.0199862434482058
0.0137832103911713
0.0157692174781543
0.0178343917502099
0.0412747263388649
0.0594166904470828
0.0421061563501689
0.1026631038599145
0.0457622115012019
0.0338156762198672
0.0079822325881682
0.0054359742029309
0.0116901985063099
0.0153840396212599
0.0111462556986635
0.0255946255143982
0.0153917283271197
0.0106199201578677
0.0114169691951779
0.0179861453527494
0.0513446063080551
0.1153214256358629
0.1318307647787001
0.08751026382589271
0.026603977838836
0.0084367027425509
0.0136889974401934
0.0431997567524626
0.1049412932217128
0.1347940234836938
0.1742315357894113
0.1732628351302245
0.1258421227721006
0.0190579358917582
0.0068707127211657
0.0155835777374534
0.0306703636658448
0.07631969121949039
0.1700371779970687
0.2170846685637379
0.1551676071510709
0.0197828749253057
0.0122686405704561
0.0035137419260829
0.0138795417200164
0.0372656918112796
0.1670130042732311
0.1467594274552925
0.0685714238008463
0.0178559039369983
0.0122033687890948
0.0020003414832624
0.0113047630247396
0.0324774252789918
0.0618057273866379
0.0068921871082359
0.0063674756729189
0.011265959818847
0.0170284633047723
0.0124163241174225
0.0139820414553875
0.0219042976659106
0.0223708008278011
0.0073909497144453
0.0110054473491085
0.0127439296934639
0.0124361160541949
0.0126915004103018
0.0140451110400899
0.0101179254117287
0.0126656454453142
0.0477176718813065
0.0268546949587982
0.0333701757156997
0.0076938263455675
0.0054032381594673
0.0118568957097594
0.0155787699380423
0.0118121650312788
0.0246656630339161
0.0151179456718616
0.0101267839836137
0.0121679724664468
0.0476234566443974
0.1589107446303825
0.1433154057536446
0.07945451466964421
0.0323742368767809
0.0127954556218147
0.0084522274137987
0.0575309274612703
0.2581728880337625
0.2182535053443982
0.1617892002473918
0.1046979363996476
0.0552390176660329
0.0209539045860868
0.0140269993409375
0.0849883796001637
0.1690459538504098
0.143352932186239
0.1807166580251066
0.1767098782433593
0.07575518861765911
0.0185166151072622
0.0102902586548133
0.0274524456643104
0.0577807741254458
0.0787562202359044
0.1005616371756122
0.150509439724417
0.0340220269748262
0.019136460797729
0.0169002878895408
0.0123587408090076
0.001788298425964
0.0203107220743845
0.06626598499501921
0.09711270024322489
0.0078826786256414
0.0064529044828837
0.0110700279598103
0.0165356377788306
0.0237231519781146
0.0208962668923816
0.0304236230771947
0.0314215633413794
0.009600757577192901
0.0111226543459785
0.0125135265857697
0.0118648131366261
0.0133023435301438
0.0182769793104557
0.0113070560576435
0.0148194150892381
0.0491384560307657
0.0272262308062534
0.0331602806371764
0.0082581490217596
0.005203214273162
0.0111500744311141
0.0147577248762081
0.0111342845879048
0.0254020983259284
0.0149836120250426
0.009977244524058499
0.0118493776130009
0.0460415260265732
0.0433215883914304
0.012038568491001
0.0120751049832095
0.0102316106990238
0.0124213076500307
0.008246086259558701
0.0612805196709898
0.1495513355790422
0.0828113070821395
0.0263825711295602
0.0084990700349768
0.012333596404724
0.0176180201151541
0.0144568637033871
0.1418970908943417
0.1338818869618981
0.1142314241474583
0.09975687462716
0.0259822734990474
0.0084755577134576
0.0138918252259384
0.0102228795307953
0.0902923598883261
0.1783904041519547
0.1445209391545094
0.0953249618867628
0.0508284904562252
0.0103393891847995
0.0185780906323208
0.0163251014895826
0.0130647683186193
0.0031035619598992
0.0189586798255325
0.051326485496164
0.0445767166352415
0.0087206659864298
0.0065452342854243
0.0107789375643968
0.0163068853287484
0.0168657957369012
0.0184227133718553
0.0297082760017543
0.0273416580532324
0.0117613583978864
0.0119089130272589
0.0116500384048927
0.0130300146041767
0.0133194215594103
0.0169132859739238
0.0139403123907504
0.0163578201809943
0.0542681786284723
0.027843899804084
0.0330179430361446
0.00767259255809
0.0056341381588904
0.0110826030733703
0.014626742038721
0.0111193833095029
0.0251638362526432
0.0145388016065806
0.0102721549329465
0.0115579335385153
0.0102943980508546
0.008647622989619399
0.009433974545137501
0.0103432912420363
0.0094228942700922
0.011725964579058
0.008065001875917299
0.0183222488342003
0.009941787993284001
0.0157122183972989
0.0111755275621741
0.0071234034332367
0.0112207391486983
0.0164023352398497
0.0140140161630152
0.06699781226913119
0.0290389558845942
0.0233975260499316
0.0302487531737386
0.013981842197932
0.0074352679614365
0.0126051324933113
0.0103842653759573
0.1044366415154061
0.1553669004752297
0.1066664249089521
0.0448325285039838
0.027598765852404
0.0092303214305865
0.0178389356099663
0.0170568400818989
0.0142890074061594
0.0063609298879096
0.0141384343349466
0.0278483981779783
0.0266280189321124
0.0078602195387379
0.0062293709244497
0.0115159069269473
0.0165730776840788
0.0227704030952124
0.0181831254387626
0.0261513145105327
0.020606644375751
0.010527911368288
0.0114037893800764
0.0124656643859693
0.0133156938961182
0.0136091417832326
0.0156974321781407
0.0163278498100506
0.0185246720492847
0.052709379285765
0.0276545474588354
0.0333386657868592
0.0106199201578677
0.0153917283271197
0.0255946255143982
0.0111462556986635
0.0153840396212599
0.0116901985063099
0.0054359742029309
0.0079822325881682
0.0084367027425509
0.026603977838836
0.08751026382589271
0.1318307647787001
0.1153214256358629
0.0513446063080551
0.0179861453527494
0.0114169691951779
0.0190579358917582
0.1258421227721006
0.1732628351302245
0.1742315357894113
0.1347940234836938
0.1049412932217128
0.0431997567524626
0.0136889974401934
0.0197828749253057
0.1551676071510709
0.2170846685637379
0.1700371779970687
0.07631969121949039
0.0306703636658448
0.0155835777374534
0.0068707127211657
0.0178559039369983
0.0685714238008463
0.1467594274552925
0.1670130042732311
0.0372656918112796
0.0138795417200164
0.0035137419260829
0.0122686405704561
0.011265959818847
0.0063674756729189
0.0068921871082359
0.0618057273866379
0.0324774252789918
0.0113047630247396
0.0020003414832624
0.0122033687890948
0.0127439296934639
0.0110054473491085
0.0073909497144453
0.0223708008278011
0.0219042976659106
0.0139820414553875
0.0124163241174225
0.0170284633047723
0.0333701757156997
0.0268546949587982
0.0477176718813065
0.0126656454453142
0.0101179254117287
0.0140451110400899
0.0126915004103018
0.0124361160541949
0.0101267839836137
0.0151179456718616
0.0246656630339161
0.0118121650312788
0.0155787699380423
0.0118568957097594
0.0054032381594673
0.0076938263455675
0.0084522274137987
0.0127954556218147
0.0323742368767809
0.07945451466964421
0.1433154057536446
0.1589107446303825
0.0476234566443974
0.0121679724664468
0.0140269993409375
0.0209539045860868
0.0552390176660329
0.1046979363996476
0.1617892002473918
0.2182535053443982
0.2581728880337625
0.0575309274612703
0.0102902586548133
0.0185166151072622
0.07575518861765911
0.1767098782433593
0.1807166580251066
0.143352932186239
0.1690459538504098
0.0849883796001637
0.0169002878895408
0.019136460797729
0.0340220269748262
0.150509439724417
0.1005616371756122
0.0787562202359044
0.0577807741254458
0.0274524456643104
0.0110700279598103
0.0064529044828837
0.0078826786256414
0.09711270024322489
0.06626598499501921
0.0203107220743845
0.001788298425964
0.0123587408090076
0.0125135265857697
0.0111226543459785
0.009600757577192901
0.0314215633413794
0.0304236230771947
0.0208962668923816
0.0237231519781146
0.0165356377788306
0.0331602806371764
0.0272262308062534
0.0491384560307657
0.0148194150892381
0.0113070560576435
0.0182769793104557
0.0133023435301438
0.0118648131366261
0.009977244524058499
0.0149836120250426
0.0254020983259284
0.0111342845879048
0.0147577248762081
0.0111500744311141
0.005203214273162
0.0082581490217596
0.008246086259558701
0.0124213076500307
0.0102316106990238
0.0120751049832095
0.012038568491001
0.0433215883914304
0.0460415260265732
0.0118493776130009
0.0144568637033871
0.0176180201151541
0.012333596404724
0.0084990700349768
0.0263825711295602
0.0828113070821395
0.1495513355790422
0.0612805196709898
0.0102228795307953
0.0138918252259384
0.0084755577134576
0.0259822734990474
0.09975687462716
0.1142314241474583
0.1338818869618981
0.1418970908943417
0.0163251014895826
0.0185780906323208
0.0103393891847995
0.0508284904562252
0.0953249618867628
0.1445209391545094
0.1783904041519547
0.0902923598883261
0.0107789375643968
0.0065452342854243
0.0087206659864298
0.0445767166352415
0.051326485496164
0.0189586798255325
0.0031035619598992
0.0130647683186193
0.0116500384048927
0.0119089130272589
0.0117613583978864
0.0273416580532324
0.0297082760017543
0.0184227133718553
0.0168657957369012
0.0163068853287484
0.0330179430361446
0.027843899804084
0.0542681786284723
0.0163578201809943
0.0139403123907504
0.0169132859739238
0.0133194215594103
0.0130300146041767
0.0102721549329465
0.0145388016065806
0.0251638362526432
0.0111193833095029
0.014626742038721
0.0110826030733703
0.0056341381588904
0.00767259255809
0.008065001875917299
0.011725964579058
0.0094228942700922
0.0103432912420363
0.009433974545137501
0.008647622989619399
0.0102943980508546
0.0115579335385153
0.0140140161630152
0.0164023352398497
0.0112207391486983
0.0071234034332367
0.0111755275621741
0.0157122183972989
0.009941787993284001
0.0183222488342003
0.0103842653759573
0.0126051324933113
0.0074352679614365
0.013981842197932
0.0302487531737386
0.0233975260499316
0.0290389558845942
0.06699781226913119
0.0170568400818989
0.0178389356099663
0.0092303214305865
0.027598765852404
0.0448325285039838
0.1066664249089521
0.1553669004752297
0.1044366415154061
0.0115159069269473
0.0062293709244497
0.0078602195387379
0.0266280189321124
0.0278483981779783
0.0141384343349466
0.0063609298879096
0.0142890074061594
0.0124656643859693
0.0114037893800764
0.010527911368288
0.020606644375751
0.0261513145105327
0.0181831254387626
0.0227704030952124
0.0165730776840788
0.0333386657868592
0.0276545474588354
0.052709379285765
0.0185246720492847
0.0163278498100506
0.0156974321781407
0.0136091417832326
0.0133156938961182
0.0142069743735307
0.0076830632096674
0.0183272022721568
0.0213155146318015
0.0157150243458369
0.0287132059143465
0.0180810597784077
0.0120107283680904
0.0112090414883957
0.0133457144673727
0.0144816727464925
0.0176436525929941
0.0180805530051449
0.009918218740222799
0.0133404185871069
0.0101793425859272
0.0133513044703265
0.0111357812755256
0.0262849133767996
0.033251074783437
0.024754953000425
0.0129204063087361
0.01568157255206
0.0155966180365491
0.006720901602468
0.0150695659982867
0.0289471218681376
0.0442215905525726
0.0359845378718519
0.0279580308017401
0.0123124705955852
0.0100823900639153
0.0137872910701645
0.009662667005115901
0.0696879034518432
0.0456418044879792
0.0391489596311379
0.0540315706646498
0.0235838039769708
0.0196855142168295
0.0151706383599346
0.008583101269569401
0.07462456146749009
0.0498284321909936
0.0256058588748614
0.0596944835076404
0.0229887772532942
0.0135608582045773
0.0198214099588163
0.0156521172644441
0.0772978721579031
0.07446685627740809
0.033413870469468
0.0543913202650864
0.0280518789597364
0.0153762134000018
0.0167029527466636
0.0199010463451655
0.1043380344030421
0.06412641792398489
0.0707242829389856
0.1258220046856746
0.0499560211855045
0.0392457895270094
0.0128756372217891
0.06874574900356149
0.1776698074388333
0.1753331871043989
0.1318132950926702
0.1179674949562512
0.0433717453588835
0.0107064892141489
0.0108244998660474
0.0689807450576565
0.1586083248539115
0.130604735547389
0.1088313876682718
0.1152410839640602
0.0522987222846668
0.0085247997096364
0.0133595170779652
0.0373274699778407
0.158233352893248
0.1501071687116158
0.1072733765140649
0.1455555316341275
0.0575531785786016
0.0133055001666866
0.0065650219793102
0.0267110651286901
0.1164154580164238
0.1538796747886726
0.1276620948661014
0.164171577947237
0.045194313762118
0.0089953376874149
0.0119882982015196
0.0273225937652471
0.1435316533556202
0.1674676126003441
0.1127334514456145
0.126284442007629
0.0348298691714895
0.0171590036709351
0.0129986033329848
0.0164991904128871
0.1209946366549614
0.1473817386320928
0.07186071976227761
0.1367788877331862
0.0318161955782948
0.0115519845557719
0.0177280063240115
0.0238239659546301
0.127954895480948
0.2052449909423846
0.1168490740799934
0.1474009133222046
0.0354595899618352
0.0137062497239094
0.0138350236328872
0.0221208603617248
0.1357808472734573
0.1553793211086297
0.1865019584769591
0.2515235782839244
0.06456873594229751
0.0356160200201065
0.0145755192969095
0.0255959543222805
0.1222164185712035
0.08940405034728489
0.0660540078035938
0.119727377480989
0.0329347519413265
0.0117975020870364
0.0101327543623727
0.025731292813018
0.1056364442176406
0.0551611298140596
0.0461056237814571
0.09910663523156089
0.0300106845547769
0.009532248880222
0.0134288758890591
0.0146749181043211
0.0819947632745516
0.08343615079618209
0.0661979683202373
0.09972661788592301
0.0265799923171725
0.015242196467962
0.0061764936248824
0.014620255524938
0.0383914394463174
0.0764082909504874
0.067560615455854
0.06203911235146
0.0128382554756296
0.0096209224980295
0.0140253933530669
0.0072560438151382
0.0332672553894653
0.0371861450551219
0.0438444122859303
0.0203758699361458
0.0206026980733035
0.0181568002930531
0.0140053467763076
0.0052341836915418
0.0327817223631569
0.0435902817955064
0.0294735191072457
0.0257002473080707
0.0127693640842601
0.0127677070559377
0.0192323822705417
0.021563445525244
0.030135485492553
0.0460020348510474
0.0311319275041452
0.0228332878860597
0.0192346940980183
0.0156189222332148
0.0160160327455847
0.0250078311866626
0.0399464679624046
0.0208640968793519
0.0272659590880969
0.0572116197012081
0.0438413069573672
0.039139989725096
0.0143560127827022
0.0074739651598128
0.0305837175374803
0.0389843678290333
0.0197161265113376
0.0423691967969933
0.0188142927211811
0.0114320093135011
0.0100294974935198
0.009967269646484801
0.0216813810067398
0.0212516006914125
0.0145062988662321
0.0197253178131851
0.0151627504189884
0.009301741315822201
0.0140641450782092
0.0067487274478205
0.0192878841348665
0.0333583093176227
0.0291654648808328
0.0211944629545074
0.0174826047313579
0.0159297627158738
0.0065201775933541
0.0106963316929071
0.0100176544576525
0.031084563334269
0.0314521815847016
0.0191394841275415
0.0104844432392522
0.009297228776742401
0.0138348657043079
0.0033348947612381
0.0140942298295314
0.0104995393080581
0.0249638790714582
0.0151802076358004
0.0199257391472898
0.0185398815261652
0.0141010297608842
0.0048106527438474
0.0180091441447692
0.0216212704057966
0.022359191435297
0.0169777026907657
0.0117436310796447
0.0125489305755906
0.0203761036138564
0.0219892330639941
0.0285066267160162
0.027365970961907
0.0223663073524146
0.0164490514327285
0.0173890678006921
0.0159860396905792
0.0151155630828227
0.0233790053333475
0.0332213453714181
0.0171359518856445
0.0217725333187434
0.0536483754220218
0.0384554871372947
0.0389786924314732