0.0024404750467125
0.0035520283549818
0.0028245902271051
0.0009971498141481
0.0139479408225914
0.0063642203334125
0.0193973629733585
0.0087452379275625
0.0232283644686255
0.0109940235077007
0.0111632681146627
0.0433424376743408
0.0039220911163237
0.0102022590272794
0.0069910852620298
0.0028896134038481
0.0086013970455748
0.0090733579469236
0.006869568311425
0.0018616601333164
0.0038684022743344
0.0042964417882528
0.0168065592409994
0.0069661689567977
0.0014900693373627
0.0056107395651203
0.0097049186197977
0.003578982334767
0.010027054368863
0.0059838032912519
0.0073182901349189
0.0042878225087119
0.002521941336755
0.0108370756612646
0.0065365585792313
0.0034062765462465
0.0065530067824986
0.0055232878463994
0.0078935423889813
0.0014478765403405
0.0056721188090222
0.0021273535614553
0.0088837836731754
0.0037341335435965
0.0030621888172696
0.003600998257399
0.0018297923912924
0.0033364877765038
0.0036027135212203
0.0007655926440366
0.0017361107802089
0.0044589310985337
0.0022214837432401
0.008178564126105
0.0071364220170869
0.0026382239712591
0.0059863784276761
0.00163344788983
0.0114873070967403
0.0097470489333159
0.0125531878473548
0.002798129559253
0.0085733079476456
0.0044975260283065
0.0038495637779299
0.0009322387411794
0.0015749765770334
0.0028336513241494
0.0074007963551751
0.0132876772542314
0.0093314470876594
0.0081384077657224
0.0038362620184776
0.0097429353541256
0.008275717530915
0.0072791001906771
0.0068255325380336
0.0136924345085572
0.0019184990913664
0.007056425925514
0.0024455883066429
0.0154537171712399
0.0025864349632073
0.0042330964751329
0.0104214908559351
0.0074940656754094
0.0055597365940177
0.0072307177645972
0.0042498023303569
0.0048075384837784
0.0160440858274308
0.0047916020228304
0.0026679439508872
0.002180486372873
0.0072563949093632
0.0118982514005612
0.0060437905257818
0.0020182965269745
0.0014404823489654
0.0016830362475393
0.0022616060125952
0.0129459392231323
0.0095185078301914
0.0082286304878076
0.0077209879440141
0.0056377946111954
0.0098087753600482
0.0028114224492982
0.0096784360567853
0.0042480338431768
0.0023585635228023
0.0057456722185326
0.0010511141350839
0.0017949276056903
0.0075161947218841
0.0063799109751958
0.0007176645676041
0.0001356657756164
0.0040406615703267
0.0067262225913248
0.0098019695198487
0.0093090774537599
0.0035385665381726
0.0004849569031161
0.0026469554825152
0.0011675829683555
0.0020145278000181
0.0064357553908835
0.0122010265857372
0.003140724018928
0.0039245089063521
1.225121274840738e-05
7.90927683837471e-05
0.0158241766457782
0.001154535779908
0.0008655092063299
0.0090915063377488
0.0068033452301001
0.003274091880692
0.0026908579900379
0.0199797196329597
0.0027367045471353
0.001632985598346
0.0054324775373254
0.0079089782419147
0.0021176397936084
0.0022016409498543
0.0001894531380472
0.0002586275902578
0.0017674072044686
0.0009285341691695
0.0004916158206345
0.0112420067213929
0.0030382075169911
0.002150173380876
0.0091212633959942
0.0030547633564796
0.0045549195646275
0.0170577425126034
0.009170177765203
0.0065488476149011
0.0008683323922377
0.0013923198184847
0.0001482921591024
0.0026219423779907
0.0004712630410894
0.0068235111292472
0.0022442636693467
0.0017163534685445
0.017328931349369
0.002403665298661
0.0044585674977908
0.0039676149860606
0.0064012710527112
0.0096631377712967
0.0032835962060461
0.0088425416281947
0.0075627696976336
0.0024620257213915
0.0034402803388995
0.0027415068280143
0.01502386064947
0.0032644039430485
0.0024235870314997
0.004388012881535
0.0070333781917201
0.0062712827912489
0.0042967492057099
0.0057550600002219
0.0017480912434968
0.0058866025276111
0.0027539017640602
0.0073575436899267
0.0076007550761001
0.0088387787035249
0.005986296068401
0.0084274317528222
0.0025209289449268
0.0082485012794741
0.0014218180767643
0.0081438501031359
0.0046870952950755
0.0060123879141437
0.0017862285395211
0.0064844717492799
0.007918869045204
0.0051855525493767
0.005926528539288
0.0172355926264556
0.0028931825777872
0.0061210175365598
0.0064612557837515
0.0068175830871894
0.0054090857327737
0.0094945111908524
0.0037970050056112
0.0055495121073777
0.0048068650865717
0.0019525830371807
0.0043085205031338
0.0037847561779208
0.0069901521381511
0.0070175421400688
0.0091060524698442
0.008182946920331
0.0051148766037798
0.0098180321857183
0.0039235104704411
0.0068491542210221
0.0056192085661284
0.0049017431098001
0.0036740763220094
0.0058016334268508
0.0022826953259542
0.0083675261929114
0.0059474648493216
0.0080527959735394
0.0067352747670941
0.0041632592953704
0.0032047279572829
0.0040920391658253
0.0107077611013006
0.0072517520841737
0.0041259553086796
0.0050516536089485
0.0078892204807287
0.0046700705699668
0.0032642525026751
0.0022877890835623
0.0032471741116016
0.0053925006812962
0.0640049357672823
0.0033185769820557
0.0412268596150652
0.0393342278990954
0.0198552111644348
0.0023381589138476
0.0032315432492771
0.0023909987754883
0.0009328238264076
0.0141805604283889
0.0196305106356519
0.0686175767838735
0.0678887542815764
0.0817382356246867
0.056796123550472
0.0319357242286262
0.0447282311997431
0.0040862189536288
0.009363449540937
0.0074636705973081
0.0026616101360435
0.0086535999212594
0.0085557392598917
0.0060235398952686
0.0017440053825007
0.0037130350599966
0.0341335523707432
0.0682797071006358
0.0645813067907336
0.0550408420462663
0.0461262459591247
0.0379942783166494
0.0069345710729711
0.009002519592626
0.0056058736527282
0.0074163906886818
0.0042036988128745
0.0025071701533934
0.0098920448541708
0.0070725226167119
0.0036509162216438
0.0082027430775785
0.0500308568535478
0.0612575737542899
0.0456526600371473
0.0451497190122345
0.0322589884152528
0.0427300052110925
0.012822668488162
0.003008106166685
0.003083438049671
0.0015539332808561
0.0032194126250235
0.0033230661815053
0.0006925172886585
0.0014541122004112
0.004008393940792
0.0129851186209054
0.0605881012516008
0.0618151317311757
0.0521766399573919
0.053124887803941
0.0323877525844125
0.0447602238603654
0.0272135295253297
0.0141447734180784
0.0028809083970778
0.0077925047301605
0.0045718709278091
0.0036306731984194
0.000882887789665
0.0011780914454609
0.002104563410461
0.0364533890603003
0.0782107359628242
0.0660405735033278
0.050472460578383
0.0392403166101308
0.0412209537033022
0.0448683012766014
0.042091107363473
0.0167243871881941
0.0136621601546718
0.0018400812217645
0.0065084851661486
0.0021086564707187
0.015106711161787
0.0022474768705789
0.0058315783436359
0.0486833787799583
0.0772575926927891
0.0581467720515833
0.0629946015032623
0.0423530517260392
0.0311296219486296
0.0526716821890883
0.040431017849137
0.0126268381045676
0.0019531687085159
0.0071545772959663
0.01123389989649
0.0063283841523533
0.0021436225577451
0.0015045889891773
0.0076967865579543
0.0330919787475032
0.0720429979714896
0.0538911809893741
0.0554650055600823
0.0500882647192347
0.0293826145155716
0.0461493784242846
0.0317800193059903
0.0163351118178149
0.003850935883868
0.0021829611691576
0.006258041184704
0.0010378492087409
0.0013549374767191
0.007520995612704
0.0130875712838577
0.0249625031871475
0.051903845637763
0.059030112656471
0.0585997784661202
0.0645913696570646
0.0315864185080988
0.0314259577989501
0.0144897896685242
0.007858315109151
0.0010974847098984
0.0020674060438888
0.0058057277526847
0.0112250310148871
0.0020624767143707
0.0031582231898935
0.0024594625915167
0.028003561739207
0.0692386806573383
0.0465983874990045
0.0370291928514471
0.0404892028374137
0.0248543334910402
0.0207914357739856
0.0134040890570419
0.0239330333309737
0.0024547550066877
0.0015564816880337
0.0049230527025805
0.0077847865132336
0.0021801013126599
0.0020452710948495
0.0009174467345935
0.0121313153744652
0.0336631801738636
0.0384567433367347
0.0287026913753772
0.0243562642637948
0.0117769523503713
0.0178687015278355
0.019244390353734
0.005561097496494
0.0045098808186146
0.0174680687172916
0.008937925190344
0.006728102725842
0.000931884834543
0.0017949430692338
0.0001288204432143
0.0071865313945499
0.0292179536614725
0.0303007304305134
0.0225676602860969
0.0093793183800032
0.0237530514058271
0.0212884336736616
0.0128092994941078
0.0062512801583513
0.0060648534211014
0.010310444411691
0.0028012553112423
0.0090959536971098
0.0076227591728559
0.0031250883294329
0.0037800560629307
0.0077157017842402
0.0325524134540719
0.0329822229766282
0.0375497685936519
0.0191944634405512
0.0157500241691886
0.0225600679628844
0.0107910998494143
0.0083700397517905
0.0015962432716206
0.0052430433206802
0.0023875031294535
0.0061697831071991
0.0075809928888551
0.0082514269044416
0.0059144500872044
0.0134863525010489
0.0206748560852265
0.0441254891637965
0.032018180268439
0.0230080101360937
0.0149169446034402
0.0189763418057951
0.0078875440694062
0.0108522008601853
0.0073272821716122
0.0052331943713109
0.0058634216524313
0.0167187923730497
0.0028028087196203
0.0069905652554286
0.0077662923365528
0.0105590214814695
0.022177585956751
0.0458474848547263
0.035603523278695
0.0189120934659974
0.0168116986976663
0.0131525059670845
0.0098359290104178
0.0061728593288225
0.0078345415016889
0.0069751714777181
0.008990251442422
0.0084957902277831
0.0057015388782041
0.0111270201441436
0.0060366491073251
0.0111698057218582
0.0267361094122176
0.0311258185255204
0.024050472055534
0.0182377078649783
0.0177642940544527
0.0241255636865075
0.0145181398728108
0.010582021967084
0.0073200265055087
0.0040922262774676
0.0027955410616634
0.0039975945644199
0.0109431394143174
0.0065282798849268
0.0071621185258608
0.0186025898966536
0.0318406909752115
0.014820977050475
0.0101108188346907
0.0090359871129112
0.0227552695833103
0.0190139627812954
0.0707810532105253
0.0057582493629772
0.0423065380512062
0.0388886454792165
0.019561364336029
0.0022688177154849
0.0036582046682464
0.0022168176017104
0.0011072889923798
0.0138825828698144
0.0060474530757334
0.032357502653382
0.0419868038817284
0.0507516201940644
0.0282551052371162
0.0073879349609256
0.0403872187488744
0.0038395161538394
0.0096006993576561
0.0057667810065509
0.0025268543313493
0.0086531284906553
0.0087508518888698
0.0060912719584048
0.0012686729514921
0.003187562400511
0.0109607877607589
0.0581740583177443
0.0646416353020715
0.057123412228021
0.0496820767828468
0.0182556119926751
0.0047227012380806
0.0087634836951425
0.0052351323765489
0.0065723524775962
0.0034855128771373
0.0023330528393472
0.0099467313575108
0.0067174750667257
0.0033502476330577
0.0070180828938213
0.0292864561303083
0.0674346559859589
0.0712818732057467
0.0713651098640443
0.0641532217437337
0.0345681724315448
0.0100951630118142
0.0028450648023698
0.0029498998399632
0.0011631301524937
0.0025514698443813
0.0033680996715732
0.0006375975320117
0.0017282478726486
0.0034894072834209
0.0061047177757025
0.0441790712824393
0.0820901307418469
0.0786328060510336
0.077343771264297
0.0693116110575568
0.0546619787409801
0.0199006047143985
0.0123014531994568
0.0025714375529074
0.0071150479974858
0.0037941941123907
0.0040222518622146
0.0009102685884922
0.0011059728017435
0.0024441350101859
0.0190711381405729
0.0645828208901754
0.1001228556174177
0.0816933691076928
0.0590836169732963
0.0721707476429853
0.0607750626775194
0.0265141501215525
0.0107361965660057
0.0129925726781857
0.0013113756166742
0.005900260294349
0.0024766107474799
0.0144315051354154
0.0023025670650739
0.0040408983229863
0.0329246034070091
0.0700733072966677
0.0967587014869404
0.1030868189969047
0.0612949726246194
0.0601038145437144
0.0731701190015863
0.0424614321475049
0.0183703958979186
0.0021097176114368
0.0066654763430103
0.0104841151640517
0.0056682960772308
0.0025793906690817
0.001138972791889
0.0016110433211855
0.023847438032776
0.0749604389346772
0.0935528449122874
0.0996308930790346
0.0712642563569388
0.0572348870041203
0.0815094427894594
0.0527049880475703
0.028416086810415
0.0032130997509712
0.0024594107642682
0.0057140827165552
0.0009165174333776
0.0016632568470745
0.0073009582966446
0.0073788766854938
0.0216556574778028
0.0910798914173197
0.105890447837586
0.09820328436168
0.0777719165056987
0.0626353104139299
0.1029206566662764
0.0556251452935104
0.0240825324071953
0.0015832087423932
0.0019485105304343
0.0057551701537641
0.0117653853155681
0.0026647677902359
0.0031648526654753
0.0027404852253154
0.0382435279736313
0.1239450801281873
0.1310007237477815
0.1262668089925251
0.080750539988299
0.0581165762049186
0.0771949289875611
0.0564380414253109
0.0322160006634641
0.0022673674965221
0.0015290534007061
0.0047006313175294
0.0077329486767611
0.0023252684528391
0.001987078253776
0.0017795641810622
0.0368597233955036
0.1201557794665743
0.1439148434798481
0.1037726782152202
0.0590576211799486
0.0310864654948376
0.0802089003877611
0.0624237909929986
0.01436922637802
0.0045412815768406
0.0161592675938799
0.0088642650574872
0.0068725978381264
0.0008958144388923
0.0019610189879767
0.0003270029992164
0.0331431252059046
0.1045596329354145
0.1092758031223994
0.0744602039814607
0.0332212228847199
0.0426446453584839
0.0877201186979251
0.0536415873645057
0.0145386537708431
0.0053259031553839
0.0092243077469554
0.0033373583684682
0.0081149935265844
0.0075554446253932
0.0033428365431278
0.0042734096286539
0.0316478584581655
0.0875969889467638
0.1058566515579407
0.1384053580769886
0.0462033100079446
0.028213245895226
0.0847751764727629
0.0457905625830322
0.0176778598728535
0.0016328125463567
0.0056860929006608
0.0025723274950484
0.0079328042428496
0.0090084763487413
0.0096543782133499
0.0076894816242822
0.0248622129824901
0.071986049530722
0.1357564520856188
0.12443372566734
0.0584369482939743
0.0323086283953325
0.0679707596102736
0.0390185084555475
0.0206299726454728
0.0095753872797651
0.0047585360359965
0.0055483616086787
0.0177791564837859
0.0037148838109896
0.0088470094580784
0.0108809981552097
0.018854487423521
0.0678315644822816
0.1532550348278882
0.153219664088422
0.0771516618822953
0.0512297284486921
0.0638932398265498
0.0368873854409854
0.0192724384552921
0.0105376211821434
0.0075641081931865
0.0080536445320292
0.0078444341307276
0.0063867300659093
0.0110901750291148
0.0095044657155592
0.0167678034516466
0.0632991602795445
0.1233871759505029
0.1100672164330793
0.0833302985458683
0.0847688761438215
0.0980993830703799
0.0471130453185745
0.0211625418957369
0.0124943037803558
0.0039397414372024
0.0023643845233906
0.0041828313557205
0.0108257894875648
0.0071681901382059
0.0112362960264925
0.0253964857121934
0.0540347706959741
0.0816879355670714
0.0775866545688506
0.0628334407852274
0.1180831566413856
0.0938560451651
0.0980915808136587
0.022920487199318
0.0497382495429516
0.0385895419312444
0.0185266907312242
0.0024626013165268
0.0036640614507551
0.0026837959640136
0.0010238561714952
0.0136388358198562
0.0047467316814449
0.0121681580080483
0.0028040281541874
0.0175824477072982
0.0028130408550434
0.0032766717682138
0.0433948554905133
0.0037613437645321
0.0100579246915864
0.0063408866900418
0.002433169781086
0.0091998514475628
0.0099237354915952
0.006089371325702
0.0018708855270523
0.0035491770601419
0.0020757878031255
0.0105733892710519
0.0087217633868291
0.0037645296141031
0.0033004119312679
0.0034823390470826
0.0021345658106867
0.0088260550012031
0.005658168175496
0.0069049720803561
0.0036234712121122
0.0024043704182621
0.0110214481262404
0.0071313232801624
0.0030185968116138
0.0067402932540372
0.0034092144950219
0.0064263146624639
0.0033082499214994
0.0088954018289595
0.0038630828015511
0.0049310501761643
0.0023052389316334
0.0026540068030094
0.0034210599704274
0.0013054793073844
0.0029566612259331
0.0032809559097353
0.0006326792849303
0.0019877588640757
0.0047869097848421
0.001576882247836
0.0024538725750155
0.0053920005919604
0.0056235928541493
0.0093782469625294
0.003581664187622
0.0071716969600395
0.0051300055648506
0.0126005284206516
0.0025027893647252
0.0073622836117844
0.0039594489902822
0.0042956687493939
0.0008622596820225
0.0009922956394568
0.0024515243985955
0.0072948742360088
0.0066081031665605
0.0096050961769565
0.0193335954695403
0.0161888904318875
0.0180203146212114
0.0051472801409871
0.0032210174655896
0.0071949175037726
0.0133292778099873
0.0013489407062646
0.0077697747597365
0.0023505374458125
0.0162155512405928
0.0020635863273501
0.0041505593831155
0.0100882652150531
0.0028126060362456
0.0098732328034685
0.0207330471489607
0.0163951719993289
0.013259079297837
0.0172150008297858
0.0020068220382978
0.003105005349734
0.0016999498647369
0.0071392296875833
0.0114853826463078
0.0060104919841286
0.0022192720588709
0.0012581314933318
0.001529735643115
0.002778087651998
0.0123389266488797
0.0149240740438749
0.0212811318935564
0.0146153328078599
0.0133276849266961
0.0190261668919591
0.003302423789449
0.0104126068150802
0.0035414622319165
0.0021936133514068
0.0063213880746074
0.0008958646210646
0.0013844791172921
0.0078286472083306
0.0075890567256604
0.0016998255789268
0.0017230615965769
0.0191022172073017
0.015235463833567
0.0150313330541478
0.0176465587286168
0.0174347112260657
0.00156197109036
0.0039623131760189
0.0008774597487677
0.0017725721144323
0.0063853871719603
0.0121570310618193
0.0029617014904694
0.0035974137720622
9.608758733823876e-05
0.0018155232133525
0.0262905925533369
0.0133336502444691
0.0105268964816846
0.013602441222303
0.0167960570883173
0.0194300675655632
0.0059425176910848
0.0217479653715862
0.0022351492728705
0.0014190646877315
0.005096413741466
0.0082760764566332
0.0025691776694478
0.0021677002562043
9.461393273898816e-05
0.0059094567285194
0.0200845234253431
0.0154958978311786
0.0095164199613636
0.0165765897379996
0.0110263287414472
0.021615095524443
0.0192124766982641
0.0042920951493958
0.0050020138155931
0.0177849951194529
0.0088483939846444
0.0069787383833021
0.0008445870216486
0.0022871100569619
0.0002921276766548
0.0080500103641806
0.022520573325978
0.0204595438706432
0.0127143159232049
0.007233091736642
0.02178804787211
0.0273222591766781
0.0193089598317715
0.0052307898594593
0.0054990171095284
0.0096515494637477
0.0030986737202569
0.0094497988528558
0.0075087266879396
0.0029589420640156
0.00457820143694
0.0132465060261939
0.0436191993619332
0.0262388315089872
0.015229238913605
0.010541170909086
0.012614265137216
0.0387585036888343
0.0220032061774089
0.0091417251771823
0.0015854627959033
0.0057807588050139
0.0022921022157699
0.0071575378867995
0.0087326523217379
0.0104462855828604
0.0060194588476116
0.014251005956123
0.0268925253397299
0.0434664562887911
0.0205798483300608
0.0182650716978225
0.0140310866636919
0.0368672334839239
0.0226000485119065
0.0121538243267826
0.00852908022161
0.004794863495768
0.0056481092096293
0.0173351021607603
0.0038045720034677
0.0086166013879621
0.0103784727718112
0.0170252071065022
0.0369902371477308
0.0529546110365735
0.0310442283334901
0.0181290098876143
0.0158755203680944
0.0273725811156223
0.0232840291033311
0.0093050922856049
0.0082707355036325
0.0072897178220035
0.0086518656253847
0.0084864215887987
0.0063679186237902
0.0104818121196016
0.0080237632121787
0.0123447800011927
0.03194605599187
0.0342347364422111
0.024940826428572
0.0193030904626577
0.0193168828369135
0.0421662805584142
0.026033593550921
0.0145559617637247
0.0088065192898622
0.004062611724489
0.0025836614148591
0.0038543006845351
0.0114776354386949
0.0077010617436221
0.0079329067614401
0.0113965718923542
0.0233228735521774
0.0315863283824734
0.0229767040125408
0.0165145085073165
0.0254673672758915
0.0422716623664339
0.0860516506021244
0.0190317162293478
0.0452062683607989
0.0390294620939056
0.0190560339930952
0.0015822102739003
0.0035515640099903
0.0023651549943282
0.0010030172632253
0.0129699183284886
0.0043810381080261
0.009198649855578
0.0015549349447692
0.015509944541264
0.0011881710782335
0.0021435730531072
0.0411408590603153
0.0036975833830525
0.0101034184937538
0.0064009326940975
0.0027061461049897
0.0015292287560064
0.008295820185286
0.0050422178905103
0.0017767068858011
0.0035784820707306
0.0009781678655808
0.0094336403451488
0.0086426951997837
0.0020972813747497
0.0020928528016747
0.002680886026017
0.0019993936753435
0.008610737093803
0.0064325904450159
0.0068520635968649
0.0039427470704453
0.0054860850020887
0.010789892510028
0.0073836503728064
0.0031059195930257
0.009272169900193
0.0146182057067055
0.0331343014783244
0.0427267559675425
0.0474968411777761
0.0320371978844488
0.0201909428168767
0.0066083013345473
0.003410818159807
0.0038238360102764
0.0016889187617625
0.0026616551043344
0.0043662269479121
0.0007533665532123
0.0054287243599024
0.0177880105350192
0.028546262323797
0.0437839221624294
0.0636104095603471
0.0766426098664483
0.0894067184272682
0.0781120689471643
0.0732300457462111
0.0639662541154412
0.0382101992922637
0.004411398876136
0.006921260492759
0.0045386726560109
0.0062151768919103
0.0010921708314532
0.0133308930182915
0.0318894743305911
0.048549871021739
0.0631525610433842
0.071173627575373
0.082034855108319
0.0925097226529361
0.0948639280411546
0.0835002643368224
0.0822984034581406
0.071613453206352
0.0388876624929906
0.0037891710941087
0.0048448251165163
0.0033385300619908
0.0150075085199189
0.0081454307483696
0.0275911933447514
0.042800484132845
0.0421586424423305
0.0417047715839264
0.0576927708857418
0.061612973116985
0.0775258814571937
0.0845188347527654
0.0743796406156381
0.0719865956759697
0.053342308295603
0.0160602964430197
0.0110205649249961
0.0068872498786794
0.0030820158722287
0.0033692080443298
0.0094221254318013
0.0152284311735942
0.0320973665191042
0.039077023728973
0.0493294382481285
0.0664048822869913
0.0805852120210323
0.0970830995358908
0.0904434533134615
0.0907885466031796
0.0584641004176069
0.0137125781376204
0.004611286015717
0.0010623998187602
0.0018441527471468
0.0085200327021598
0.007892491622714
0.0024993532073087
0.0076515696449562
0.0225121496320779
0.0321056312755923
0.0737001473311411
0.0979619707476536
0.1147074106558461
0.1045859480930288
0.0891658629117634
0.0523679078604975
0.0124859845881782
0.0062635549262818
0.0131180992759112
0.0007113539489937
0.005488693999099
0.0001014873890131
0.0002338560712116
0.0198607695762127
0.00726920343182
0.0242841102531714
0.0800931723666401
0.1170743531174371
0.1132717932122071
0.0969466054284906
0.0789435838535009
0.0275182368819012
0.0049145876470106
0.0051470481635062
0.0073713889570964
0.00179077384873
0.0008986945691424
9.59288962554544e-05
4.051937698952463e-05
0.0058753236386188
0.0115052530993888
0.0267778973906454
0.0644630288394267
0.0513543126447466
0.0333787504516142
0.0314322134019738
0.0151573377646361
0.006884714292702
0.0144471622966484
0.0089534328899439
0.00731566935567
0.0011243379651882
0.0005782481812186
9.474541700427852e-05
0.001357425581997
0.0035556919415609
0.0111371299693355
0.023445482964196
0.0405921852731187
0.025944485749593
0.0018902696071277
0.00297401067436
0.0032291012602399
0.0045577877868614
0.0100416167159579
0.0028900791666085
0.0070595960685887
0.0073696921828767
0.0002433260944575
0.0028323501052473
0.0008154831228404
0.0154566947805198
0.00888602312031
0.0173945441486467
0.0332103296104697
0.0160778568204002
0.0046801296329502
0.0033716516141742
0.0027244856595987
0.0014213699334902
0.0056109368453222
0.0025699445095926
0.0073834080700214
0.0056837867789701
0.0069724713855069
0.0027554990418339
0.0093251147773608
0.0039813922095111
0.0154478134368277
0.0074003001096481
0.0217816367163536
0.0063934580542003
0.0048902808407177
0.0018428123478913
0.0062831615918744
0.0057785379435726
0.004824905683368
0.0058080221986808
0.016539565513717
0.0023048347772111
0.0084245597033205
0.0051158470286669
0.0074663112231476
0.0054297365919263
0.0109181078389144
0.0072827607527705
0.0084098362217869
0.0053382846135324
0.0031195292374102
0.0039981280699615
0.0027373642490371
0.0058253092829629
0.0052880496701351
0.0079613377497262
0.006582384361867
0.0043414245489465
0.0093365165937965
0.0041617818043213
0.0069948066718108
0.0056424263592135
0.0043801920942941
0.004773984356361
0.0091693218887669
0.0027182562383203
0.0105512124817885
0.0060951148253122
0.0052499769516207
0.0042191118653973
0.0037894754184408
0.0029056974661617
0.0035892180319112
0.0087924402305066
0.0063788309809128
0.0039069319798948
0.0029559674509829
0.0107275474742204
0.003531418860422
0.0062755482048522
0.0083239360652879
0.0035240949573001
0.0092581567133691
0.06351914835243
0.0036774866422088
0.0371795246491547
0.0385164786330047
0.0173245558267118
0.0020143790741298
0.0032847084126593
0.0024541728554689
0.0012053728504931
0.0129609933364677
0.0048515582804288
0.0091148577223962
0.0015765826846446
0.0164361066439301
0.0013905716795453
0.0021465312367476
0.0394721585727119
0.0038805395541536
0.0098866240649113
0.0057744143768349
0.002454566672515
0.0015122721270833
0.0076069862129972
0.0051224283782361
0.0013437749491038
0.003385439602902
0.0010220088846506
0.0104173793947504
0.0080860284215058
0.0021193528819268
0.0021901431055015
0.0027384963093635
0.0018666355648019
0.0085069957647688
0.0060570974856149
0.0066241995699289
0.0041245640201661
0.0066758261584477
0.0110290535428503
0.0071721950075363
0.0048754843846344
0.0286308535146572
0.0493717355519814
0.0568187702273029
0.0406762376594607
0.0352452952824527
0.0209880550618909
0.011734819547547
0.003373841914591
0.0027270629842905
0.0040285672413819
0.0014210455718472
0.0028428836063831
0.0041603317249997
0.0009377512011223
0.0136846238996559
0.0635147672332725
0.1057995767657427
0.1139989411418673
0.0979094035922106
0.0731707981322126
0.0544461955354113
0.0382194027333417
0.0323036811478955
0.0132574599327415
0.0136878469127109
0.0035353980603124
0.0071733992103661
0.0044022721469957
0.0059981599929921
0.0186282952976682
0.0955152050408534
0.1250289797183766
0.1281713829852285
0.1160501119106232
0.0947279578228202
0.0684489569832614
0.0510956591139915
0.0444799694677572
0.0308727581502139
0.0137617953656725
0.0106674728607932
0.0148316333626303
0.0024490688927071
0.0052669374918433
0.0063419825161792
0.0768453834836496
0.1331750749920913
0.1301005964769521
0.0958838756164299
0.0689049626677845
0.0655793057119108
0.0744391632959484
0.0568427229297088
0.0437871476477529
0.0413081603763879
0.0175760325355728
0.0085774441673689
0.0051913803524454
0.0071547244911527
0.0114160757445268
0.0166224113511316
0.0722160798606684
0.1135759663710449
0.0809867939172988
0.0671811537371978
0.0772529232369792
0.0936122535618489
0.0968192678129349
0.0907310354560997
0.06208050756638
0.0471798725250059
0.023850811056708
0.0153722717107459
0.0077443779482781
0.0043882332622182
0.0052565580283877
0.0107241391330897
0.0597068655159893
0.0678527235678573
0.0543791711805203
0.0626334342284882
0.0615780238166104
0.073216162385885
0.0750180408536724
0.0943750329862768
0.0839703745150172
0.0497269713492904
0.0212087008146607
0.0076420528983909
0.0039417114320052
0.0037096568108666
0.0059296505582758
0.013415173838844
0.0262447060850891
0.046543356230681
0.0415727344951829
0.0448253349099201
0.0668956932579794
0.0510419737156462
0.0574115212971988
0.0870547850846022
0.0840989650012892
0.0350039824961439
0.0142887844994656
0.0214953551847912
0.0052520794916165
0.0018988227972283
0.0046603828016619
0.0075415148656431
0.0042449000209474
0.0088959640101323
0.0112699803602871
0.0107713811945565
0.0250979255405489
0.0294464866458062
0.050554033631641
0.0803586033098009
0.030544587917716
0.0062234087484706
0.0082416105977927
0.0037829176389692
0.0053316617707707
0.0156720257354598
0.009440161023541
0.0072679738993195
0.0011558987929466
0.0004608026963805
0.0001170793895957
0.0020573672764664
0.0119652891614677
0.0192885110693017
0.050503668479823
0.0673736414756883
0.0305642171167584
0.0023206772654928
0.0027736341824534
0.0029445925260097
0.0048096994513184
0.0105878379581226
0.0024983803738691
0.0072559189947649
0.0074806734056401
8.882206982732816e-05
0.0026845938697035
0.0016067180585819
0.0224332222415362
0.0182273615995438
0.0361639072608932
0.0668836636694555
0.0171691323121
0.0051998736352148
0.0044780726803867
0.0031243714329605
0.0012141763091986
0.0052809755582146
0.0023782040441304
0.0069387599261605
0.0057558934088595
0.0076117669598846
0.0099996346757995
0.0127491863839096
0.0073331776005778
0.0204993557561274
0.0129358886182651
0.0324454266948482
0.0074297890296714
0.0057778131357936
0.0022646906658754
0.005812270108595
0.0059578441595831
0.0046308994740807
0.005859271638359
0.0159956606337986
0.0022977186946945
0.0152152282975334
0.0116309118365396
0.0122741735708694
0.0068033792876267
0.0134283026014067
0.0101507776397313
0.0119115061545473
0.0070977576387323
0.005822352476973
0.0041271071354802
0.002919232594665
0.0061546736246145
0.0055564176820572
0.0074039472821577
0.0063447634876048
0.0041218212410281
0.010226586493585
0.0048795765791358
0.0104710498708233
0.0068600211236791
0.0049655939586776
0.0051437686190455
0.011332455422079
0.0033922081901613
0.011617993786284
0.0060094204161229
0.0054998957970682
0.0043695021002597
0.0039728348728193
0.0029337490876396
0.0032171117463378
0.0085511411934213
0.0062255518814121
0.0035970754130911
0.0045864883635071
0.0123337730176779
0.0039742399125217
0.0071059900136165
0.0091551462755997
0.0038919959446403
0.0104879791479305
0.0639708081638211
0.0037431702841219
0.0374097962087836
0.0380045112352316
0.0172317665726459
0.001933841026157
0.0033375625013034
0.0023118697011164
0.0008677540676811
0.0122304950156533
0.0041388649040368
0.0090825681619191
0.0015299627333446
0.0153507050715113
0.0012941080887052
0.0025073364789643
0.0404466446131021
0.0034590691366216
0.0100744393316499
0.0056530397231508
0.0024678179777606
0.0015928850933204
0.0086116064593909
0.0053054171219025
0.0012658606499124
0.0033385339767003
0.0011875122851417
0.0093834121945227
0.0076602540877978
0.0018963657100421
0.0023246371237175
0.0026816806302017
0.0019682503063392
0.0085639724926235
0.0059820323174424
0.0062592738709179
0.0043173736650811
0.0060431408233767
0.0109985734238415
0.0066760788822712
0.0057451724517919
0.0143638488219517
0.0077141056771548
0.0066798123420707
0.0033520795808025
0.0082157796259601
0.0036814846108805
0.0036624307104512
0.0017996507798489
0.0034234705417817
0.0041272479013404
0.0014609273840072
0.0024287726039804
0.0042508989244896
0.0009132980365271
0.0191233327533791
0.0547379232326329
0.0412357616846187
0.0178715857632873
0.0085376574062647
0.003990908172623
0.0074034028783774
0.0033282605241232
0.0078993760008055
0.0058127339812088
0.0127773513955616
0.0029496468183374
0.0073292784680905
0.0042343104999097
0.0052909348246653
0.0178992154179571
0.0690557225357909
0.0656928570846719
0.0512227724589781
0.0277363217190227
0.0113578969144181
0.0043312430306618
0.00315616076995
0.0064642784496822
0.0050270120403836
0.0045817395071799
0.0089387991875664
0.0151821549767533
0.0023796062739717
0.0056855670851789
0.0066381781790924
0.0850122823828921
0.0877749951124078
0.0577378603731848
0.0453030535868652
0.0309274798690044
0.0173922119366011
0.0163599816670554
0.0036881191432101
0.0026188261911175
0.0103644730372327
0.0031401195453714
0.0048582235439099
0.0040372552229776
0.0079400443490295
0.0110871609806613
0.0268018095273858
0.0937292285185557
0.0755310527559524
0.0428120025175986
0.041124683508005
0.0521878636876489
0.0528776685624503
0.0300967350044376
0.0141964713395455
0.0034101489763669
0.0071400746388936
0.0038315009568869
0.0111192446301475
0.0068409649726328
0.0040105345890843
0.0054415454835879
0.0323858933411576
0.1130003396726455
0.0715314974674814
0.061022105922598
0.0639293713594893
0.0568294793174811
0.0621374199129498
0.0418340523548775
0.0219692443261681
0.0091153047904034
0.0025963795333748
0.0023153666960949
0.0050148518342359
0.0030584270195633
0.003613796733192
0.0060919526675756
0.0261543296731261
0.1073921506601193
0.1232539499923274
0.1087206788728884
0.0948402017371739
0.0965160911045222
0.0608845158056629
0.0498353935796601
0.0331067765694135
0.0163214054377887
0.0040525643832424
0.0036965208736099
0.0222037760718038
0.0043559420649289
0.0018087589175292
0.0046014941133267
0.0079561358510268
0.0277066140799521
0.0483222221333234
0.0540094315704171
0.0408628130954212
0.0386152921202836
0.0299109068278652
0.0380095901547648
0.0360409145636623
0.0097842566761452
0.0033539933144962
0.0082730912456172
0.0033613068102197
0.0048945949869707
0.0147799587609499
0.0094032724569053
0.0075090125741238
0.003337363698511
0.0022478918145781
0.0009088905557398
0.0023557599780072
0.0097361749457253
0.0178125096599406
0.0357156423073914
0.0231368154051476
0.0213563159433417
0.0024994430197127
0.003361471228018
0.0030967556536852
0.0051653847991333
0.0099540824478713
0.0024170783642023
0.0068003964699608
0.0068367987396538
0.0001656528043726
0.0024936863234747
0.001655021285515
0.0217818930411641
0.0160593435454427
0.0265991067977985
0.0270098898401957
0.0120344129736913
0.0060790454748418
0.0044026988639696
0.0027623584551274
0.0012413682239864
0.0054553905697857
0.0023733386876857
0.0067507121775109
0.0057002381614378
0.0074144685481213
0.0075126517535332
0.0128400353060815
0.0057892600736891
0.019475630036076
0.0126631262290056
0.022022728260196
0.0077254116582287
0.0073298013205085
0.0032927150165631
0.0069240245777374
0.0065298296461977
0.0044103819519167
0.0053225247024326
0.0158588100286734
0.0022495867073161
0.0089591814839609
0.007720451762232
0.0095540511891738
0.0063410935361236
0.0129997779319438
0.0105352196795746
0.0127982332470786
0.0086923029985375
0.006964529681212
0.0044539153218794
0.0030154778415606
0.005848149253068
0.0050265287988239
0.0070729108548724
0.0068721148206859
0.0046856358969021
0.0099567854797499
0.0044661410550807
0.0093134500343048
0.0062796543395386
0.0055155579086314
0.005997571804482
0.0109591900278554
0.0048315826227771
0.0137580725997135
0.0068599637261268
0.0056267490798561
0.0045953413630657
0.0037254286706964
0.0027254378410703
0.0037488140812296
0.0091118773053884
0.0069166019611921
0.0036212669946161
0.0050396405385383
0.0110630058864111
0.0053339576728629
0.0092772661699368
0.0081755202352962
0.0066885065708335
0.0155940161328706
0.0654873256978598
0.0036263398579437
0.0383314542404062
0.0383594419852831
0.0170658111527903
0.0017458166361833
0.0032602204180617
0.0030057673978639
0.0008819034270606
0.0120874212500567
0.0043453839979681
0.008525511003901
0.0012436801242141
0.0154717496347093
0.0013124340577719
0.0023868763123278
0.0401293422142982
0.0033948500461791
0.0102001823646356
0.0061196993099965
0.002465262313552
0.0014967416629716
0.007875774531045
0.0052182987405481
0.0014524896710164
0.0034376032431857
0.0008985554247494
0.0093057181147899
0.0083358244241881
0.0020499645267307
0.0020037425220179
0.0025228248838192
0.0021183610145763
0.0080674400714229
0.0055834589402053
0.0063759775532615
0.0042892326600099
0.0054320979665116
0.0111027273387033
0.0070413817301228
0.0032344502538072
0.0073121328043936
0.0027843399103463
0.0067767889167145
0.0025826992059779
0.0077353841010187
0.0030032757602975
0.0033948247301485
0.0019589664022952
0.002944690141405
0.0036212073464469
0.0017497594783798
0.0024700640116372
0.0043899505784326
0.00073496481508
0.0028159667050516
0.0062000573017932
0.0026404600760586
0.0034688421474695
0.005148907063987
0.0031710145690251
0.0063572783091433
0.0022875443920241
0.0069087395877346
0.0053961140660496
0.012494630367296
0.0029141053482478
0.0067837138059111
0.0041103968638625
0.005853725245225
0.0019764114901173
0.0029922999992908
0.0043047709467205
0.0074414398871028
0.0066558598579064
0.0054505940822198
0.0030392131752893
0.002824865480795
0.0063972549677577
0.0048196965554141
0.0036642579931738
0.0081587464826404
0.0140818413893008
0.0023757155574277
0.0059831810323343
0.0048609616717729
0.0216450702618485
0.0052291377936252
0.0061048505850395
0.011056010696125
0.0042916222150475
0.0053136719893161
0.0071396268070406
0.0019565740373965
0.002170670153836
0.0101091925674827
0.0024346860863793
0.0046967950831903
0.0038008389198279
0.0070517809444471
0.0108517981708463
0.022515345971912
0.0243589125220038
0.0052499188584231
0.0030702095721866
0.0034359546458089
0.0149451182535307
0.0143465222904925
0.0123321105073963
0.0054540193848183
0.0019116030006056
0.0059512792054175
0.0040995291938499
0.0108122384901724
0.0058173512378249
0.0041485683640009
0.0054102849324611
0.0294684736866472
0.0492121662645446
0.0259661669111302
0.0201331427315006
0.0136806518949197
0.0117855893193725
0.0138426068090445
0.0161653763571759
0.0123550068929662
0.0064815529032291
0.0019701038598998
0.001912890803625
0.0044858475662253
0.0025067695826546
0.0033930165708498
0.0065083988078259
0.04332806568358
0.0935074864970891
0.087798942549734
0.0775910228368226
0.061187699334127
0.0563341323576091
0.0284489340186441
0.0155807695198204
0.0167920584375119
0.0072897524784704
0.0034762280448583
0.0029582671041033
0.0210406799286085
0.0041699627014578
0.0019208898509119
0.00535612608615
0.0182833152105727
0.0405969582178674
0.0602589555964966
0.0655109747988591
0.0483264600518623
0.0340461841939217
0.0205255169275669
0.0194616079013447
0.0206510556318137
0.0069876339419476
0.002781813497338
0.0080814518942365
0.0033642858768573
0.0048555034073425
0.0152465245857294
0.009441232753693
0.0075870976883217
0.0047532687538262
0.0055532611951933
0.0033805430685925
0.0019699623506539
0.0042381914365
0.0113593535955494
0.0179484719670154
0.0090542764609929
0.0191307684098627
0.0022115072983313
0.002959532373673
0.0028706447686934
0.0045866244098918
0.0102964586291248
0.0025759161465695
0.0073361054486296
0.0071013417121267
0.000169099433698
0.0028175740683978
0.0015428648826504
0.0187446187382779
0.0084202303074326
0.0144602595232935
0.0112135817630717
0.0105026799596134
0.0051828662003189
0.0043762630354214
0.0029259375917654
0.001290727587024
0.0059684147481582
0.0027401926470999
0.0071161777245079
0.0055359539815296
0.0076410375291434
0.0163776054981938
0.0124350016215469
0.005639639959027
0.0166563700782604
0.0089342252791968
0.0148490552656878
0.0061201083493973
0.006937383421553
0.0032813801866719
0.0066942912020019
0.0056005947011877
0.00454572267951
0.0056442552514683
0.0158485400134022
0.0025575237774827
0.0101233879315187
0.0085300452195716
0.0099586411338862
0.0060421661561958
0.0136050455965916
0.0098123125669753
0.0098365361891016
0.0078114601372047
0.0054422272432028
0.004068472562259
0.0034142095803904
0.0056617768636768
0.0053472788154345
0.0078235848245249
0.0067025057083516
0.0052807889616092
0.0101693206501127
0.004829628759901
0.0090258028556567
0.0055564766891416
0.0079932506796866
0.0073281965351416
0.0092297630390349
0.0069247925155214
0.0130848280099602
0.006332099006859
0.0056462581095933
0.0048343712599404
0.0033992603551565
0.0028107874080024
0.0039075224053818
0.0090629924866399
0.0066438142013415
0.0038609719538152
0.0040101613685933
0.0108247817922455
0.0061659875442281
0.0091111999378866
0.0081566483620379
0.010404308684465
0.0149927561486477
0.0643684824127662
0.0033081916363692
0.0380362149805764
0.0395405565950691
0.016726553535505
0.0027061461049897
0.0064009326940975
0.0101034184937538
0.0036975833830525
0.0411408590603153
0.0021435730531072
0.0011881710782335
0.015509944541264
0.0015549349447692
0.009198649855578
0.0043810381080261
0.0129699183284886
0.0010030172632253
0.0023651549943282
0.0035515640099903
0.0015822102739003
0.0039427470704453
0.0068520635968649
0.0064325904450159
0.008610737093803
0.0019993936753435
0.002680886026017
0.0020928528016747
0.0020972813747497
0.0086426951997837
0.0094336403451488
0.0009781678655808
0.0035784820707306
0.0017767068858011
0.0050422178905103
0.008295820185286
0.0015292287560064
0.0026616551043344
0.0016889187617625
0.0038238360102764
0.003410818159807
0.0066083013345473
0.0201909428168767
0.0320371978844488
0.0474968411777761
0.0427267559675425
0.0331343014783244
0.0146182057067055
0.009272169900193
0.0031059195930257
0.0073836503728064
0.010789892510028
0.0054860850020887
0.0045386726560109
0.006921260492759
0.004411398876136
0.0382101992922637
0.0639662541154412
0.0732300457462111
0.0781120689471643
0.0894067184272682
0.0766426098664483
0.0636104095603471
0.0437839221624294
0.028546262323797
0.0177880105350192
0.0054287243599024
0.0007533665532123
0.0043662269479121
0.0048448251165163
0.0037891710941087
0.0388876624929906
0.071613453206352
0.0822984034581406
0.0835002643368224
0.0948639280411546
0.0925097226529361
0.082034855108319
0.071173627575373
0.0631525610433842
0.048549871021739
0.0318894743305911
0.0133308930182915
0.0010921708314532
0.0062151768919103
0.0110205649249961
0.0160602964430197
0.053342308295603
0.0719865956759697
0.0743796406156381
0.0845188347527654
0.0775258814571937
0.061612973116985
0.0576927708857418
0.0417047715839264
0.0421586424423305
0.042800484132845
0.0275911933447514
0.0081454307483696
0.0150075085199189
0.0033385300619908
0.004611286015717
0.0137125781376204
0.0584641004176069
0.0907885466031796
0.0904434533134615
0.0970830995358908
0.0805852120210323
0.0664048822869913
0.0493294382481285
0.039077023728973
0.0320973665191042
0.0152284311735942
0.0094221254318013
0.0033692080443298
0.0030820158722287
0.0068872498786794
0.0062635549262818
0.0124859845881782
0.0523679078604975
0.0891658629117634
0.1045859480930288
0.1147074106558461
0.0979619707476536
0.0737001473311411
0.0321056312755923
0.0225121496320779
0.0076515696449562
0.0024993532073087
0.007892491622714
0.0085200327021598
0.0018441527471468
0.0010623998187602
0.0051470481635062
0.0049145876470106
0.0275182368819012
0.0789435838535009
0.0969466054284906
0.1132717932122071
0.1170743531174371
0.0800931723666401
0.0242841102531714
0.00726920343182
0.0198607695762127
0.0002338560712116
0.0001014873890131
0.005488693999099
0.0007113539489937
0.0131180992759112
0.0089534328899439
0.0144471622966484
0.006884714292702
0.0151573377646361
0.0314322134019738
0.0333787504516142
0.0513543126447466
0.0644630288394267
0.0267778973906454
0.0115052530993888
0.0058753236386188
4.051937698952463e-05
9.59288962554544e-05
0.0008986945691424
0.00179077384873
0.0073713889570964
0.0028900791666085
0.0100416167159579
0.0045577877868614
0.0032291012602399
0.00297401067436
0.0018902696071277
0.025944485749593
0.0405921852731187
0.023445482964196
0.0111371299693355
0.0035556919415609
0.001357425581997
9.474541700427852e-05
0.0005782481812186
0.0011243379651882
0.00731566935567
0.0025699445095926
0.0056109368453222
0.0014213699334902
0.0027244856595987
0.0033716516141742
0.0046801296329502
0.0160778568204002
0.0332103296104697
0.0173945441486467
0.00888602312031
0.0154566947805198
0.0008154831228404
0.0028323501052473
0.0002433260944575
0.0073696921828767
0.0070595960685887
0.0058080221986808
0.004824905683368
0.0057785379435726
0.0062831615918744
0.0018428123478913
0.0048902808407177
0.0063934580542003
0.0217816367163536
0.0074003001096481
0.0154478134368277
0.0039813922095111
0.0093251147773608
0.0027554990418339
0.0069724713855069
0.0056837867789701
0.0073834080700214
0.0079613377497262
0.0052880496701351
0.0058253092829629
0.0027373642490371
0.0039981280699615
0.0031195292374102
0.0053382846135324
0.0084098362217869
0.0072827607527705
0.0109181078389144
0.0054297365919263
0.0074663112231476
0.0051158470286669
0.0084245597033205
0.0023048347772111
0.016539565513717
0.0029056974661617
0.0037894754184408
0.0042191118653973
0.0052499769516207
0.0060951148253122
0.0105512124817885
0.0027182562383203
0.0091693218887669
0.004773984356361
0.0043801920942941
0.0056424263592135
0.0069948066718108
0.0041617818043213
0.0093365165937965
0.0043414245489465
0.006582384361867
0.0173245558267118
0.0385164786330047
0.0371795246491547
0.0036774866422088
0.06351914835243
0.0092581567133691
0.0035240949573001
0.0083239360652879
0.0062755482048522
0.003531418860422
0.0107275474742204
0.0029559674509829
0.0039069319798948
0.0063788309809128
0.0087924402305066
0.0035892180319112
0.002454566672515
0.0057744143768349
0.0098866240649113
0.0038805395541536
0.0394721585727119
0.0021465312367476
0.0013905716795453
0.0164361066439301
0.0015765826846446
0.0091148577223962
0.0048515582804288
0.0129609933364677
0.0012053728504931
0.0024541728554689
0.0032847084126593
0.0020143790741298
0.0041245640201661
0.0066241995699289
0.0060570974856149
0.0085069957647688
0.0018666355648019
0.0027384963093635
0.0021901431055015
0.0021193528819268
0.0080860284215058
0.0104173793947504
0.0010220088846506
0.003385439602902
0.0013437749491038
0.0051224283782361
0.0076069862129972
0.0015122721270833
0.0028428836063831
0.0014210455718472
0.0040285672413819
0.0027270629842905
0.003373841914591
0.011734819547547
0.0209880550618909
0.0352452952824527
0.0406762376594607
0.0568187702273029
0.0493717355519814
0.0286308535146572
0.0048754843846344
0.0071721950075363
0.0110290535428503
0.0066758261584477
0.0044022721469957
0.0071733992103661
0.0035353980603124
0.0136878469127109
0.0132574599327415
0.0323036811478955
0.0382194027333417
0.0544461955354113
0.0731707981322126
0.0979094035922106
0.1139989411418673
0.1057995767657427
0.0635147672332725
0.0136846238996559
0.0009377512011223
0.0041603317249997
0.0052669374918433
0.0024490688927071
0.0148316333626303
0.0106674728607932
0.0137617953656725
0.0308727581502139
0.0444799694677572
0.0510956591139915
0.0684489569832614
0.0947279578228202
0.1160501119106232
0.1281713829852285
0.1250289797183766
0.0955152050408534
0.0186282952976682
0.0059981599929921
0.0114160757445268
0.0071547244911527
0.0051913803524454
0.0085774441673689
0.0175760325355728
0.0413081603763879
0.0437871476477529
0.0568427229297088
0.0744391632959484
0.0655793057119108
0.0689049626677845
0.0958838756164299
0.1301005964769521
0.1331750749920913
0.0768453834836496
0.0063419825161792
0.0052565580283877
0.0043882332622182
0.0077443779482781
0.0153722717107459
0.023850811056708
0.0471798725250059
0.06208050756638
0.0907310354560997
0.0968192678129349
0.0936122535618489
0.0772529232369792
0.0671811537371978
0.0809867939172988
0.1135759663710449
0.0722160798606684
0.0166224113511316
0.0059296505582758
0.0037096568108666
0.0039417114320052
0.0076420528983909
0.0212087008146607
0.0497269713492904
0.0839703745150172
0.0943750329862768
0.0750180408536724
0.073216162385885
0.0615780238166104
0.0626334342284882
0.0543791711805203
0.0678527235678573
0.0597068655159893
0.0107241391330897
0.0046603828016619
0.0018988227972283
0.0052520794916165
0.0214953551847912
0.0142887844994656
0.0350039824961439
0.0840989650012892
0.0870547850846022
0.0574115212971988
0.0510419737156462
0.0668956932579794
0.0448253349099201
0.0415727344951829
0.046543356230681
0.0262447060850891
0.013415173838844
0.009440161023541
0.0156720257354598
0.0053316617707707
0.0037829176389692
0.0082416105977927
0.0062234087484706
0.030544587917716
0.0803586033098009
0.050554033631641
0.0294464866458062
0.0250979255405489
0.0107713811945565
0.0112699803602871
0.0088959640101323
0.0042449000209474
0.0075415148656431
0.0024983803738691
0.0105878379581226
0.0048096994513184
0.0029445925260097
0.0027736341824534
0.0023206772654928
0.0305642171167584
0.0673736414756883
0.050503668479823
0.0192885110693017
0.0119652891614677
0.0020573672764664
0.0001170793895957
0.0004608026963805
0.0011558987929466
0.0072679738993195
0.0023782040441304
0.0052809755582146
0.0012141763091986
0.0031243714329605
0.0044780726803867
0.0051998736352148
0.0171691323121
0.0668836636694555
0.0361639072608932
0.0182273615995438
0.0224332222415362
0.0016067180585819
0.0026845938697035
8.882206982732816e-05
0.0074806734056401
0.0072559189947649
0.005859271638359
0.0046308994740807
0.0059578441595831
0.005812270108595
0.0022646906658754
0.0057778131357936
0.0074297890296714
0.0324454266948482
0.0129358886182651
0.0204993557561274
0.0073331776005778
0.0127491863839096
0.0099996346757995
0.0076117669598846
0.0057558934088595
0.0069387599261605
0.0074039472821577
0.0055564176820572
0.0061546736246145
0.002919232594665
0.0041271071354802
0.005822352476973
0.0070977576387323
0.0119115061545473
0.0101507776397313
0.0134283026014067
0.0068033792876267
0.0122741735708694
0.0116309118365396
0.0152152282975334
0.0022977186946945
0.0159956606337986
0.0029337490876396
0.0039728348728193
0.0043695021002597
0.0054998957970682
0.0060094204161229
0.011617993786284
0.0033922081901613
0.011332455422079
0.0051437686190455
0.0049655939586776
0.0068600211236791
0.0104710498708233
0.0048795765791358
0.010226586493585
0.0041218212410281
0.0063447634876048
0.0172317665726459
0.0380045112352316
0.0374097962087836
0.0037431702841219
0.0639708081638211
0.0104879791479305
0.0038919959446403
0.0091551462755997
0.0071059900136165
0.0039742399125217
0.0123337730176779
0.0045864883635071
0.0035970754130911
0.0062255518814121
0.0085511411934213
0.0032171117463378
0.0024678179777606
0.0056530397231508
0.0100744393316499
0.0034590691366216
0.0404466446131021
0.0025073364789643
0.0012941080887052
0.0153507050715113
0.0015299627333446
0.0090825681619191
0.0041388649040368
0.0122304950156533
0.0008677540676811
0.0023118697011164
0.0033375625013034
0.001933841026157
0.0043173736650811
0.0062592738709179
0.0059820323174424
0.0085639724926235
0.0019682503063392
0.0026816806302017
0.0023246371237175
0.0018963657100421
0.0076602540877978
0.0093834121945227
0.0011875122851417
0.0033385339767003
0.0012658606499124
0.0053054171219025
0.0086116064593909
0.0015928850933204
0.0024287726039804
0.0014609273840072
0.0041272479013404
0.0034234705417817
0.0017996507798489
0.0036624307104512
0.0036814846108805
0.0082157796259601
0.0033520795808025
0.0066798123420707
0.0077141056771548
0.0143638488219517
0.0057451724517919
0.0066760788822712
0.0109985734238415
0.0060431408233767
0.0042343104999097
0.0073292784680905
0.0029496468183374
0.0127773513955616
0.0058127339812088
0.0078993760008055
0.0033282605241232
0.0074034028783774
0.003990908172623
0.0085376574062647
0.0178715857632873
0.0412357616846187
0.0547379232326329
0.0191233327533791
0.0009132980365271
0.0042508989244896
0.0056855670851789
0.0023796062739717
0.0151821549767533
0.0089387991875664
0.0045817395071799
0.0050270120403836
0.0064642784496822
0.00315616076995
0.0043312430306618
0.0113578969144181
0.0277363217190227
0.0512227724589781
0.0656928570846719
0.0690557225357909
0.0178992154179571
0.0052909348246653
0.0110871609806613
0.0079400443490295
0.0040372552229776
0.0048582235439099
0.0031401195453714
0.0103644730372327
0.0026188261911175
0.0036881191432101
0.0163599816670554
0.0173922119366011
0.0309274798690044
0.0453030535868652
0.0577378603731848
0.0877749951124078
0.0850122823828921
0.0066381781790924
0.0054415454835879
0.0040105345890843
0.0068409649726328
0.0111192446301475
0.0038315009568869
0.0071400746388936
0.0034101489763669
0.0141964713395455
0.0300967350044376
0.0528776685624503
0.0521878636876489
0.041124683508005
0.0428120025175986
0.0755310527559524
0.0937292285185557
0.0268018095273858
0.0060919526675756
0.003613796733192
0.0030584270195633
0.0050148518342359
0.0023153666960949
0.0025963795333748
0.0091153047904034
0.0219692443261681
0.0418340523548775
0.0621374199129498
0.0568294793174811
0.0639293713594893
0.061022105922598
0.0715314974674814
0.1130003396726455
0.0323858933411576
0.0046014941133267
0.0018087589175292
0.0043559420649289
0.0222037760718038
0.0036965208736099
0.0040525643832424
0.0163214054377887
0.0331067765694135
0.0498353935796601
0.0608845158056629
0.0965160911045222
0.0948402017371739
0.1087206788728884
0.1232539499923274
0.1073921506601193
0.0261543296731261
0.0094032724569053
0.0147799587609499
0.0048945949869707
0.0033613068102197
0.0082730912456172
0.0033539933144962
0.0097842566761452
0.0360409145636623
0.0380095901547648
0.0299109068278652
0.0386152921202836
0.0408628130954212
0.0540094315704171
0.0483222221333234
0.0277066140799521
0.0079561358510268
0.0024170783642023
0.0099540824478713
0.0051653847991333
0.0030967556536852
0.003361471228018
0.0024994430197127
0.0213563159433417
0.0231368154051476
0.0357156423073914
0.0178125096599406
0.0097361749457253
0.0023557599780072
0.0009088905557398
0.0022478918145781
0.003337363698511
0.0075090125741238
0.0023733386876857
0.0054553905697857
0.0012413682239864
0.0027623584551274
0.0044026988639696
0.0060790454748418
0.0120344129736913
0.0270098898401957
0.0265991067977985
0.0160593435454427
0.0217818930411641
0.001655021285515
0.0024936863234747
0.0001656528043726
0.0068367987396538
0.0068003964699608
0.0053225247024326
0.0044103819519167
0.0065298296461977
0.0069240245777374
0.0032927150165631
0.0073298013205085
0.0077254116582287
0.022022728260196
0.0126631262290056
0.019475630036076
0.0057892600736891
0.0128400353060815
0.0075126517535332
0.0074144685481213
0.0057002381614378
0.0067507121775109
0.0070729108548724
0.0050265287988239
0.005848149253068
0.0030154778415606
0.0044539153218794
0.006964529681212
0.0086923029985375
0.0127982332470786
0.0105352196795746
0.0129997779319438
0.0063410935361236
0.0095540511891738
0.007720451762232
0.0089591814839609
0.0022495867073161
0.0158588100286734
0.0027254378410703
0.0037254286706964
0.0045953413630657
0.0056267490798561
0.0068599637261268
0.0137580725997135
0.0048315826227771
0.0109591900278554
0.005997571804482
0.0055155579086314
0.0062796543395386
0.0093134500343048
0.0044661410550807
0.0099567854797499
0.0046856358969021
0.0068721148206859
0.0170658111527903
0.0383594419852831
0.0383314542404062
0.0036263398579437
0.0654873256978598
0.0155940161328706
0.0066885065708335
0.0081755202352962
0.0092772661699368
0.0053339576728629
0.0110630058864111
0.0050396405385383
0.0036212669946161
0.0069166019611921
0.0091118773053884
0.0037488140812296
0.002465262313552
0.0061196993099965
0.0102001823646356
0.0033948500461791
0.0401293422142982
0.0023868763123278
0.0013124340577719
0.0154717496347093
0.0012436801242141
0.008525511003901
0.0043453839979681
0.0120874212500567
0.0008819034270606
0.0030057673978639
0.0032602204180617
0.0017458166361833
0.0042892326600099
0.0063759775532615
0.0055834589402053
0.0080674400714229
0.0021183610145763
0.0025228248838192
0.0020037425220179
0.0020499645267307
0.0083358244241881
0.0093057181147899
0.0008985554247494
0.0034376032431857
0.0014524896710164
0.0052182987405481
0.007875774531045
0.0014967416629716
0.0024700640116372
0.0017497594783798
0.0036212073464469
0.002944690141405
0.0019589664022952
0.0033948247301485
0.0030032757602975
0.0077353841010187
0.0025826992059779
0.0067767889167145
0.0027843399103463
0.0073121328043936
0.0032344502538072
0.0070413817301228
0.0111027273387033
0.0054320979665116
0.0041103968638625
0.0067837138059111
0.0029141053482478
0.012494630367296
0.0053961140660496
0.0069087395877346
0.0022875443920241
0.0063572783091433
0.0031710145690251
0.005148907063987
0.0034688421474695
0.0026404600760586
0.0062000573017932
0.0028159667050516
0.00073496481508
0.0043899505784326
0.0059831810323343
0.0023757155574277
0.0140818413893008
0.0081587464826404
0.0036642579931738
0.0048196965554141
0.0063972549677577
0.002824865480795
0.0030392131752893
0.0054505940822198
0.0066558598579064
0.0074414398871028
0.0043047709467205
0.0029922999992908
0.0019764114901173
0.005853725245225
0.0108517981708463
0.0070517809444471
0.0038008389198279
0.0046967950831903
0.0024346860863793
0.0101091925674827
0.002170670153836
0.0019565740373965
0.0071396268070406
0.0053136719893161
0.0042916222150475
0.011056010696125
0.0061048505850395
0.0052291377936252
0.0216450702618485
0.0048609616717729
0.0054102849324611
0.0041485683640009
0.0058173512378249
0.0108122384901724
0.0040995291938499
0.0059512792054175
0.0019116030006056
0.0054540193848183
0.0123321105073963
0.0143465222904925
0.0149451182535307
0.0034359546458089
0.0030702095721866
0.0052499188584231
0.0243589125220038
0.022515345971912
0.0065083988078259
0.0033930165708498
0.0025067695826546
0.0044858475662253
0.001912890803625
0.0019701038598998
0.0064815529032291
0.0123550068929662
0.0161653763571759
0.0138426068090445
0.0117855893193725
0.0136806518949197
0.0201331427315006
0.0259661669111302
0.0492121662645446
0.0294684736866472
0.00535612608615
0.0019208898509119
0.0041699627014578
0.0210406799286085
0.0029582671041033
0.0034762280448583
0.0072897524784704
0.0167920584375119
0.0155807695198204
0.0284489340186441
0.0563341323576091
0.061187699334127
0.0775910228368226
0.087798942549734
0.0935074864970891
0.04332806568358
0.009441232753693
0.0152465245857294
0.0048555034073425
0.0033642858768573
0.0080814518942365
0.002781813497338
0.0069876339419476
0.0206510556318137
0.0194616079013447
0.0205255169275669
0.0340461841939217
0.0483264600518623
0.0655109747988591
0.0602589555964966
0.0405969582178674
0.0182833152105727
0.0025759161465695
0.0102964586291248
0.0045866244098918
0.0028706447686934
0.002959532373673
0.0022115072983313
0.0191307684098627
0.0090542764609929
0.0179484719670154
0.0113593535955494
0.0042381914365
0.0019699623506539
0.0033805430685925
0.0055532611951933
0.0047532687538262
0.0075870976883217
0.0027401926470999
0.0059684147481582
0.001290727587024
0.0029259375917654
0.0043762630354214
0.0051828662003189
0.0105026799596134
0.0112135817630717
0.0144602595232935
0.0084202303074326
0.0187446187382779
0.0015428648826504
0.0028175740683978
0.000169099433698
0.0071013417121267
0.0073361054486296
0.0056442552514683
0.00454572267951
0.0056005947011877
0.0066942912020019
0.0032813801866719
0.006937383421553
0.0061201083493973
0.0148490552656878
0.0089342252791968
0.0166563700782604
0.005639639959027
0.0124350016215469
0.0163776054981938
0.0076410375291434
0.0055359539815296
0.0071161777245079
0.0078235848245249
0.0053472788154345
0.0056617768636768
0.0034142095803904
0.004068472562259
0.0054422272432028
0.0078114601372047
0.0098365361891016
0.0098123125669753
0.0136050455965916
0.0060421661561958
0.0099586411338862
0.0085300452195716
0.0101233879315187
0.0025575237774827
0.0158485400134022
0.0028107874080024
0.0033992603551565
0.0048343712599404
0.0056462581095933
0.006332099006859
0.0130848280099602
0.0069247925155214
0.0092297630390349
0.0073281965351416
0.0079932506796866
0.0055564766891416
0.0090258028556567
0.004829628759901
0.0101693206501127
0.0052807889616092
0.0067025057083516
0.016726553535505
0.0395405565950691
0.0380362149805764
0.0033081916363692
0.0643684824127662
0.0149927561486477
0.010404308684465
0.0081566483620379
0.0091111999378866
0.0061659875442281
0.0108247817922455
0.0040101613685933
0.0038609719538152
0.0066438142013415
0.0090629924866399
0.0039075224053818
0.0023862110967267
0.0043394220283554
0.0030962173294393
0.0013027595988765
0.0186528071252291
0.0066707729489159
0.0129840785992388
0.0031760535309797
0.0182094967744429
0.0020407792610553
0.0025608197531944
0.047017662508746
0.0048003069192748
0.0120884994833031
0.0070638369026852
0.0034533865612357
0.0100462921125544
0.0105145082039235
0.0078660169596235
0.0024913776151835
0.0056790718722366
0.0041972420667816
0.0137809058195755
0.0109983176001327
0.004860697097111
0.0050718762840246
0.0034415621514506
0.0021275869778951
0.0110359712596988
0.0068023658387712
0.0070022336319671
0.0055487864778767
0.0039520522812273
0.0127074184558376
0.0081245440822784
0.0068036939592694
0.0096967385472353
0.0057727572652446
0.0099880682547102
0.0068190897596392
0.0119494001422264
0.0060198278627067
0.0044638402887025
0.0022248916960938
0.0035446653668639
0.0039773175776681
0.0018316240781413
0.0036388561727853
0.0040859459626961
0.0007830777286039
0.0018491596144801
0.0088548683895921
0.0063231127001843
0.0060214206038426
0.0095691231644576
0.0075107620476453
0.0108554586421645
0.0059014845224683
0.0075943622079799
0.0047661987069422
0.0151080270549442
0.0029920850792243
0.0092498813443688
0.0048304552700224
0.0046326019344293
0.0010260911151627
0.0017440383444388
0.0071188991452144
0.0131881499100213
0.0102631951391129
0.0142480064163166
0.0160039057274316
0.0095362524986029
0.016067846508752
0.0058765257064667
0.0020235998977499
0.0077222030455031
0.0166725505935456
0.0022386892517247
0.0062545978459323
0.0028641289207651
0.0171201807091269
0.0027130701579562
0.0098117802429016
0.0202609882987448
0.0067714308568259
0.0124695988359327
0.0211417170730752
0.0109239165769666
0.0110172497779836
0.0155627768103183
0.0013525017311721
0.0033887502418364
0.0023350968286178
0.0085526631305232
0.012909483336713
0.0070694338738626
0.0029162768318818
0.0017776219082642
0.0063198221477263
0.0116820168657009
0.0180477858229533
0.017751453070278
0.0238650149244274
0.0150445507375701
0.0142219662542695
0.0178323815671777
0.0050706346465094
0.0115484727517841
0.0041488132867258
0.0030979494205656
0.0068832815839851
0.0010753237878917
0.0018473742472426
0.0085069513009125
0.0123387627107737
0.0104185127797329
0.0154485840434698
0.0231169890386963
0.0202001439540257
0.0172950201541264
0.0225516796508446
0.0228701785694499
0.0079240202295127
0.0054255430862298
0.0025249512601734
0.0021072112582638
0.0072761642353351
0.0121192362950196
0.0029767011814572
0.0037071562398643
0.0062097498504089
0.0167960860341121
0.051284787727351
0.0266507512626219
0.0152403032599398
0.022542795770548
0.0220011554104465
0.0307307964405946
0.0175591601952849
0.0271578708370062
0.0035633849420014
0.0021659149638981
0.006000740896989
0.0087284616999016
0.002655975264287
0.0020629545488406
0.0065786100711093
0.0235783689538031
0.042185886528406
0.0285516223092826
0.0172186366529182
0.0226085845891648
0.0080383849550059
0.0240156889213263
0.0314693620420417
0.0084230704645488
0.0061515885854342
0.019164740935727
0.0104773206447186
0.0085594638855431
0.0010092022598838
0.0026313128091968
0.004415494780069
0.0273695014274228
0.0362663082842352
0.0289442914316466
0.017855539639817
0.0062752792432334
0.0214530117523257
0.0257389945220875
0.0277994164255694
0.0129858693002625
0.0083308478334772
0.0113036072233836
0.0036703100121045
0.009674102143593
0.0098945131496592
0.0033990744759918
0.0060391355746176
0.0330568653535301
0.046633977682345
0.0263008974344682
0.0226015771055434
0.0099855504914642
0.0114657054803139
0.0285810465695991
0.0325319466217719
0.0186163187783177
0.0042200486730101
0.0080565382919974
0.0030150238799875
0.0087124175473219
0.0081693100332082
0.009413360797216
0.0062662591699921
0.0359904997925073
0.0354210855505364
0.0406930173986464
0.0245456440286598
0.0189755456243001
0.0098623114069847
0.0227076149840522
0.0286330041162631
0.0201101876031951
0.0091347418960697
0.0056116503438221
0.0068625438229977
0.0186889143418503
0.0024990818024435
0.005879360563692
0.0085030474016291
0.0341701891381644
0.0428793419760333
0.0505498649089475
0.0272352342342558
0.0195875811565493
0.0157504603213947
0.0266441801653094
0.0264811563150676
0.0159723522829345
0.0086601808992922
0.0069095110298335
0.0101484115029868
0.0087437539661539
0.0059491203437268
0.009821246470768
0.0073954622461251
0.0364488571943187
0.0557650217130285
0.0319646887732385
0.0231704889527058
0.0256395069190556
0.0372832070220896
0.0523886982051589
0.0332654687307827
0.0178955384748911
0.0061240352181899
0.0047232458573946
0.0036899140772078
0.0043279403857378
0.0130594860793125
0.0097150938425246
0.0112908737233768
0.0344644722015909
0.0737170859874357
0.038332855788444
0.0296955082800956
0.0342027508766763
0.0387101731083857
0.0541882733524443
0.1018158980866523
0.0226118482179665
0.049315936204667
0.0444277367007414
0.0225359982883579
0.0026087459223115
0.0034258814682306
0.0182456641370302
0.0439901035672136
0.1003387232871954
0.0788153969793121
0.1069317374130981
0.0802651151761333
0.080784719882111
0.0577948480073294
0.0527331028064709
0.07542408949958
0.0242134434699489
0.0140984457681808
0.0066281368382765
0.0028174678161405
0.0092648657793677
0.0094299255767361
0.0234890137760676
0.0463108103190702
0.0900183077521979
0.0720666941479946
0.0827473855712639
0.0668070810536256
0.0597356426024009
0.0548502161578817
0.057874945213185
0.0405405359815037
0.033178846374594
0.011810620890077
0.0066672369342248
0.0044504326166376
0.0033011489390356
0.0119092896990256
0.0234274855025526
0.0489953416406674
0.083683628794396
0.0709123817597229
0.0685391959234271
0.0540331044403246
0.0511902866201159
0.0442616925805205
0.0560170932252639
0.0476554221588387
0.0331069256778238
0.0108460585347223
0.0016549612810097
0.0028849653297821
0.003392595199308
0.0021868959138914
0.0148000978558842
0.0452640102577161
0.0762589674416613
0.0737739639403482
0.0677403089507585
0.0605316174203977
0.0631677692164833
0.0504057869492503
0.0622344854959897
0.0554292309372428
0.0449401147515678
0.0115537361413304
0.0074859756881599
0.0043471391757125
0.0046832933436684
0.0022114497442245
0.0102449388237674
0.0306349436546621
0.0716803860944955
0.084344937643443
0.0797214241102954
0.0627676012769278
0.0506225182410133
0.0607108765595656
0.066948648401673
0.0597129381949135
0.0411417124806866
0.02285775796432
0.0015834119577919
0.0056905988095832
0.0023687942081863
0.01639523878651
0.0092729129113307
0.0215397079324389
0.0620067186197476
0.0858767119350869
0.0670394974785765
0.0787727874218199
0.0498225617940259
0.044877207999202
0.0855027229749622
0.0673949536792346
0.0359077950444361
0.0106314668670038
0.0070571491220441
0.0112238691102498
0.0067006078181473
0.0030101052568138
0.0070806684487078
0.0122369174314135
0.0338578995109431
0.0850822604958478
0.061857668764625
0.0836845837814241
0.0593593301955792
0.0452208929793481
0.087779585077471
0.0687001265211455
0.0359223787430419
0.0128811644669344
0.0027076602089312
0.0061492836487508
0.0009497728698576
0.001948534899243
0.0139477320805019
0.0180369290438169
0.0316144933550553
0.0730371237222702
0.0824376579908368
0.0675670065624751
0.0625126867408306
0.0780995678189457
0.1004798514122241
0.0583543574019399
0.028625248652097
0.0093730575117834
0.0017593235054085
0.0066605067611754
0.010896217846679
0.0022924016951178
0.0105127054613562
0.0170282996401036
0.0504956697665815
0.0965752465561318
0.0926743367866081
0.0849880903766807
0.0797086413634632
0.0580782332833134
0.0654800991296527
0.0525430415536866
0.036265303438656
0.0071773689438659
0.0022149891320916
0.0052827319084888
0.0073435366095514
0.0024930063265712
0.0083064846107433
0.0166292829386839
0.0440758231434125
0.0845253957961497
0.0830005982976292
0.0609813806954128
0.0555435347487355
0.0231895735023959
0.0645056944952029
0.0600176764544124
0.0171287730528484
0.0063240741711203
0.01611640394035
0.009342083196059
0.007794145741247
0.0006312322574078
0.0042501884480174
0.012008643804952
0.0417989795239011
0.074322320517659
0.0687737424974259
0.0474265961670929
0.0284757000763804
0.0399553770200018
0.070222418730224
0.0562273163290602
0.020551268632016
0.0084496836651264
0.009980862934704
0.0028405938320297
0.008833801493082
0.0077064126607341
0.0029907821996538
0.012439331683008
0.0411306526626011
0.0751347639372065
0.0788470463238968
0.0880193591325157
0.0385846327305617
0.0310026107581277
0.0783840745408589
0.0578687142547415
0.026912475727697
0.0051939190565937
0.0063322334129411
0.003033472759683
0.007106432164704
0.0077829482173049
0.0082547518241204
0.0115229437686971
0.048087385685981
0.0774623705552488
0.1015795748292215
0.087743445997073
0.0560938616930745
0.0345918117736828
0.0692215691062968
0.0568970198938552
0.0276811434588901
0.0093207531146336
0.0049329135527153
0.0067526855795541
0.0169090494722571
0.0022506261418765
0.0057620209710139
0.0202174622871638
0.0390580738329165
0.0811470119493089
0.106620704405851
0.0982572965474661
0.0686495193409594
0.0650894007525448
0.0968575407216135
0.0601274414839588
0.0235783850622622
0.0075247014464837
0.0065236611647842
0.0081154630911772
0.0074267777003211
0.0050166968834522
0.0093201995123894
0.0116305003328492
0.0379793604701688
0.0905709269432858
0.0854697737303172
0.0790195119792846
0.0654725177738555
0.1198946104836976
0.1429041945273113
0.0699012530419906
0.0263656985686349
0.006153074511904
0.0043481731737914
0.0035574088551767
0.0033806254264797
0.0107479511241454
0.0094199403583442
0.0121154911742939
0.020125442108402
0.1121099224177335
0.0668229419894894
0.0671149686862036
0.0664860098451951
0.1063493313645741
0.1305172575530294
0.1397626545030902
0.0385251166298438
0.052969183164356
0.0412965629016992
0.0192032838787196
0.0030866580034599
0.0041378232169655
0.0029641657571222
0.0181070797880691
0.0561987093267583
0.0684026517670087
0.0634530539764864
0.0300902911178881
0.0452068945923844
0.0357225274838115
0.0587041729851672
0.080373577866435
0.0177686961900828
0.0117286650642609
0.0074621811350375
0.0029752457061984
0.0102045254662768
0.0105652678794516
0.0072278933307214
0.0208613868524651
0.0451026942997296
0.0650292587076944
0.0520434695608856
0.0261258702957686
0.0207531440901492
0.0251831721877973
0.0515395046895073
0.039335511829153
0.025208230454598
0.0085500937121431
0.0075466875450246
0.0046745989478656
0.0035188917243133
0.0110150166274251
0.0086974887504292
0.019767137613777
0.0456355158038696
0.0632244547208298
0.0358806787234699
0.015717740174834
0.0221877550591035
0.0191681709308026
0.0498082133995307
0.0415799899139818
0.0169794347950397
0.0067579234657287
0.0016128185726158
0.0033136194239438
0.0041170627314241
0.0008103668370358
0.0019154233176098
0.0190404098067537
0.033202669310252
0.0608265712773995
0.0344365804076345
0.0199094809466767
0.0295532206779293
0.0176429964316239
0.0538065810618618
0.0451530373069763
0.0273687693942044
0.0065334872495471
0.0087531050274631
0.0046284420134053
0.0049181529360471
0.0011586034830008
0.0017718050592741
0.0117964067124783
0.0280250169663816
0.058104844229961
0.0412968901846768
0.0396112010536378
0.0301723365142625
0.0364397834281436
0.0536630103560446
0.0408401401436703
0.0184783595861574
0.0181159496662118
0.0021542969276434
0.0066565284204524
0.0027675174249639
0.0169477148067331
0.0031175844154541
0.0114993863259168
0.0278995246312287
0.0434527518954623
0.0327011749544993
0.0466412481810649
0.031800601191568
0.0287295124716127
0.0633714630711903
0.0336639674692605
0.0104122774446515
0.0040439166377847
0.008274862930833
0.0121890308102761
0.006780482618238
0.0026835144595608
0.0019525539419268
0.0065160306933835
0.0138297300948653
0.0351882582619456
0.0393228956261303
0.0386982539563538
0.0327246014377749
0.0318981274432916
0.0555453055348988
0.0219781747421627
0.0138735655586768
0.0046678038739842
0.0028251924354298
0.0068490716206098
0.0006761520911589
0.001722649849949
0.0082090350852649
0.0114025767312869
0.0099861177060558
0.0147318937052956
0.0360278707536826
0.0327035314536894
0.0344484859743353
0.0306881703028232
0.0342719213775348
0.007359182156165
0.0045193054598031
0.0015969471891693
0.0016289071187386
0.0071751237980775
0.0118117735745489
0.002860458611988
0.0042850315186999
0.0045068486345207
0.0103749666487396
0.0272812556550379
0.0224896434711992
0.0190230760048635
0.0288784787151973
0.0200469128118583
0.0103214542570665
0.0057327810157836
0.0247590082617094
0.0037275454136048
0.0014198031586981
0.0056843663845414
0.0095547309263936
0.0027107191392121
0.002075828132137
0.0030685142688274
0.0090379830201702
0.0172001019154737
0.0183504891387874
0.0115578599377238
0.0250274000638179
0.010256388270694
0.0089811104806456
0.0140992930605837
0.0050954009830692
0.0059883391878196
0.0176429915532549
0.0101254529726176
0.0082172647701153
0.0007960020156753
0.0023561251999077
0.0017412812719181
0.0111851733245628
0.0138536126130069
0.0238536580816019
0.0151676371723287
0.0099953579581483
0.0224291297749147
0.0131974960620858
0.0106516167999753
0.0059767252426022
0.0075408371147941
0.0106766308526983
0.0039325494808735
0.0100189731848996
0.0078669399593719
0.0022600639640504
0.0036954938351531
0.0115294489964509
0.026393536641194
0.0226512536442323
0.0220485362288643
0.0122414420298109
0.0119419862565113
0.0152641407882503
0.0102475793567248
0.0090685979445465
0.0019391466944035
0.0065948790522357
0.0033180646523598
0.0069897427536243
0.0081150379938154
0.0091105791495975
0.0063323812460446
0.0152696153679444
0.0124295001563936
0.0280503312549229
0.0191480719196661
0.0193621793938323
0.0095530616905807
0.0129201964200968
0.0071416580020915
0.0122263820109697
0.0089414541888898
0.0053742405069058
0.007223944877727
0.0190513184880302
0.0027823159879321
0.0067516479072606
0.0192209317178895
0.0158680144388019
0.0143121834743338
0.0216789083916054
0.0194758762034668
0.0158284554982941
0.0150494204303949
0.011595510972851
0.0121970804894887
0.0069726980105299
0.0088023211932428
0.0075487251903177
0.0098513618770876
0.0089004819416824
0.0056452062970058
0.010257913347618
0.0136557682159442
0.019488967460819
0.0144952500106205
0.0126757779108425
0.0114822215378964
0.0128684354439117
0.0179440197051316
0.014897697723121
0.0112873482373173
0.0146992177641288
0.0074191458317926
0.0046796211669083
0.003057303807945
0.0041028936633
0.0121123954632728
0.0103643260732014
0.0137529465905632
0.0222498473708671
0.0204885791523213
0.007450326451577
0.0084640202650841
0.0086637751456528
0.0128917658418452
0.0094185412544908
0.0742791368101092
0.0095552522943521
0.0525295986523879
0.0456524718409267
0.0217842973389839
0.0032022555784571
0.0037309054982576
0.0029211806578511
0.0016322465918968
0.0171272180341633
0.0195467664683074
0.030534511809364
0.0061998833106911
0.0198916235846496
0.0075798339159121
0.0119125663728328
0.0517898304403769
0.0056812705037037
0.0120887401906704
0.0072887870457689
0.0029502143321782
0.0097415018119746
0.0108980193233404
0.007172534835346
0.0026288081372698
0.0049467963408613
0.0171194224122214
0.0260930433808554
0.0120473623595768
0.0037978367505965
0.0065982179869979
0.0122168661889257
0.0054565635689233
0.0119855248962752
0.0063798820785127
0.0071366109589437
0.0045811222054747
0.003324193798009
0.0119214959338053
0.0073020827006034
0.004091573084046
0.0084164238721617
0.0172042030645026
0.0168044466215399
0.0037297718332493
0.0080919018043657
0.0057833798595164
0.0116013125576409
0.0049701320648621
0.0046954210614092
0.0046363197918654
0.0015564735274743
0.0031990764025578
0.0033579403626514
0.0006593891607072
0.0020972953790933
0.0056525506814018
0.0027917118653961
0.013229712324083
0.0143771248152931
0.0059052576320636
0.0099370526500688
0.0040489923336309
0.0135453548882203
0.0077683661088003
0.0158571286364581
0.003933262293936
0.008372376770504
0.004737337273001
0.0049709837261841
0.0011144246017013
0.00150281895682
0.0034437335659418
0.006720514496502
0.012754824407118
0.0164676903455325
0.0194968406542298
0.0144251966330542
0.0165436640869089
0.0108219005276782
0.0054931860555419
0.0100891158551425
0.0167429154457041
0.0020059870408077
0.0076141639087757
0.0030214293327468
0.0179052727969173
0.0026387452589581
0.0053765544593088
0.0126902506728692
0.0048794246613494
0.0114950836971643
0.0166095716536702
0.0138884133375946
0.0111589827590059
0.0208563582112659
0.0035354141403711
0.0042159782221982
0.0025297191324851
0.0082709113285118
0.0127042215804131
0.0070804187564965
0.0027163776612023
0.0017702105003283
0.0020393918417445
0.0024578060157122
0.0149827543698952
0.0163763496803339
0.0172923247626757
0.0138598363465243
0.0128991686740409
0.0194073091228793
0.0040034345585877
0.0108437827910631
0.00421515655667
0.0023701872217975
0.0057851388202665
0.0010079765484678
0.0017181180111875
0.0082207245216975
0.0085134378333981
0.0011171039184633
0.0006826087725809
0.0116071772833448
0.0144262946983197
0.0175909819655099
0.0160582201901084
0.0115727075622629
0.001776540762911
0.0040163730041214
0.001061492224549
0.0022656256673994
0.0074356450312142
0.012311806449709
0.0025356651926403
0.0038949637788389
0.0001679406869638
0.0002765470884559
0.0190409517688391
0.0056739212718146
0.0043001165469007
0.0147662760084381
0.0112070087880257
0.0069738042269942
0.0042200431848451
0.0254903681417654
0.0028375417793227
0.0012843859826875
0.004865321404892
0.0089830375907443
0.0027412383772189
0.0021104670986568
0.000231749055207
0.0007377123558131
0.0070146816856411
0.0062093403530211
0.0039824205136471
0.0164099420669056
0.0055633104010255
0.0063488705652253
0.0116129429287587
0.0044891098845919
0.0054530825748233
0.0191856508599109
0.0102730146782163
0.0089883794664537
0.0008779117825874
0.0021272780351146
0.0003236050618031
0.0030930124108812
0.0039466162421914
0.0150206160085309
0.0071843562964967
0.0055293898360794
0.0197349874336094
0.0074366575088936
0.0079123994414566
0.0053478616224147
0.0069842260902794
0.0108784760834696
0.003372029740458
0.0090550475030016
0.0081616136961083
0.0027771421689441
0.0040114899498146
0.0069284093369839
0.0206209812339009
0.0107917090435042
0.008529919649771
0.0072074633083601
0.0104720387914723
0.0095273406757503
0.0077315977342507
0.0081986826924231
0.0020244763986148
0.0071438283513692
0.002707599831397
0.0081007265267203
0.009216644399461
0.009177372418198
0.0057710097053662
0.0163705637495506
0.0075152919373749
0.017472493794835
0.0078029691976956
0.0138157312602032
0.0077718105923229
0.0096037806409911
0.0046139893206178
0.0107883816253976
0.0085607782972072
0.0058485675581058
0.0067174486577715
0.0190006980621463
0.0028170196931862
0.0070424748957317
0.0202424666757762
0.017462133312546
0.0134028782955724
0.0161472657988645
0.0111373533989105
0.0107705076522157
0.010599496677036
0.0079722377306529
0.0094026412916757
0.0057795232001345
0.00826939495855
0.0082334770102922
0.0099038780124298
0.0085600928246237
0.0051469369522072
0.0102307399065095
0.0107221967635022
0.0168405786622663
0.0113657134292359
0.0097197776941945
0.0089971826992844
0.0106343109406412
0.0132868932839125
0.0111420872692996
0.008125722270122
0.0112112500666578
0.0065234680987032
0.0040916600301653
0.0033243348075712
0.0039695641667396
0.0113549084596124
0.0102026121576395
0.0137470215645144
0.0191394799078589
0.0164603567367742
0.0070500776175497
0.007144896806788
0.0070622884528164
0.0108336297938316
0.0090595988359413
0.0747116196519725
0.0062159238353699
0.0499083702653761
0.0462264577629583
0.021221446571874